0.17388091761513183
0.248053035711731
0.31516977459690876
0.37657512129915127
0.43561064539672356
0.4872057247421521
0.5315508919564285
0.5688521417745981
0.5986647096128052
0.6295367264170122
0.6636188551579195
0.6960165171646373
0.7260266664803059
0.7510645566379318
0.7713309484450512
0.7919185046709234
0.808811251305763
0.8234172447042962
0.8366799937997179
0.8539088443125735
0.8693024481364748
0.8851757710209235
0.8983991827873592
0.9089996601237679
0.9176770631926644
0.9248864611871604
0.9315849171521177
0.9344461201250062
0.9345209224115727
0.9323577552793562
0.9311692284796227
0.9320166467361463
0.934048955656008
0.9370565847857075
0.9388059533719598
0.9406188322105805
0.9424167339878641
0.9450873207048646
0.9470720962681379
0.9479818522022403
0.9433267142005402
0.9362651462880582
0.9340542895408736
0.9346348863160596
0.9379150553330572
0.9427621017619588
0.9512567877779617
0.963617316916385
0.9770459729688059
0.9918248817651278
1.003158484704035
1.0104199100781595
1.0206616277076577
1.02848268634992
1.034292320963209
1.0355382133666147
1.0360073579413895
1.0361132012906953
1.0339522582012715
1.0300930880726762
1.0265682461843382
1.0239973178573267
1.020904770116909
1.0186408370174589
1.016464484569327
1.0118550623321039
1.0055849061011668
1.000787717083302
0.9966863371719956
0.9987633716973631
1.0057068698254363
1.0110463087692403
1.0163700022584257
1.0201116611634484
1.0217115520196232
1.0196696126463993
1.0154269673034977
1.0109056989489946
1.0070726324725985
1.0017670505289031
0.9958467255167289
0.9888379539329542
0.9803795197101397
0.974954331483778
0.9730182259947985
0.9747526848549612
0.9782607142993157
0.9831133286274389
0.9874768461224351
0.990990469004963
0.9954312381713127
1.002192755309003
1.0100399855065776
1.015978459047831
1.0193361106757004
1.0175319979227753
1.0147801220726107
1.0117364426501456
1.0081194090219439
1.0049264084627716
1.000552789224885
0.9956130946287997
0.9919244695835018
0.9909918288593446
0.991111977012149
0.9939008524222964
0.99593782331089
0.9973847701475926
0.9987935218988874
1.0002212827334196
1.001557950461596
1.0016707353254415
1.0009028084589044
1.0001028550746602
0.998943549614398
0.9980074127257942
0.9965133495354738
0.9948868623369524
0.9946996272168039
0.9943104886705794
0.994014534557683
0.994341954929731
0.99486495861684
0.996113555478281
0.9960447065841381
0.9963434401737316
0.9966248403898613
0.9964601776607936
0.9954794669058852
0.9950170473096578
0.9942872116500154
0.9938922767407278
0.9946644926685019
0.9949414369681592
0.9953530662628879
0.9964401308094551
0.9965068012326246
0.9966643603127459
0.9969102640215376
0.9966909548600857
0.9958626744353254
0.9950514962567457
0.9948741968972289
0.9952956681007712
0.9965981257102453
0.9984603946564502
0.9986996681719987
0.9977951270245348
0.9977232530705229
0.9971766521807123
0.9970632031013988
0.9970035067772097
0.996550200429168
0.9960742992890402
0.9954587989541982
0.9950039491211068
0.9949626946160169
0.9951370072159812
0.9949292292063544
0.9959547283412934
0.9963112978043185
0.9963779646314405
0.99665677201967
0.9965792652561727
0.9968030174799737
0.9973940196776462
0.9965720787842411
0.9952416507776369
0.9941080089761237
0.9929857082012589
0.9923187830951978
0.9920315058565446
0.9914513264181849
0.991464541490085
0.992182018913029
0.992221676731825
0.9925462649367962
0.9931999649794875
0.9927181311167247
0.991580210087518
0.9893964440562811
0.9871354283994062
0.9843557473652553
0.9808235389007673
0.9780597158595501
0.9732508951810399
0.9691100374918851
0.9637396444094329
0.9584288026702165
0.952849635985774
0.9483350141074904
0.9452816042927933
0.9438042962513784
0.9409041245066168
0.938365195305694
0.9352635091659205
0.9322166721427777
0.9268452607733699
0.9217210714652411
0.9166673808919906
0.9094645794256073
0.8968349016279391
0.8791602465496035
0.8614607891707728
0.8421418294687555
0.8220517127315209
0.7986131743812759
0.7774560810154927
0.7636702802114602
0.7548370787146642
0.7511891380396551
0.7459790556171615
0.7331141462658977
0.7194880628276625
0.7123914185821816
0.7120049093204276
0.7129486742219423
0.7174678692305458
0.7247779208328727
0.7369301714650835
0.7506107445085172
0.7536934834522833
0.7402554758413177
0.7009692620582817
0.6701727039681058
0.6460689002456937
0.6255562313373679
0.6108575440913938
0.6077166046050372
0.6291249277639712
0.6828891562969708
0.7427307013261629
0.8063092742788052
0.8681060083869432
0.9647017543375676
1.2014433149686996
1.2948378387015909
1.4034860965016054
1.6666929256295404
1.807771249591205
1.7577810964449385
1.6923053668749894
1.6268659796653682
1.622995642515396
1.6628295036880116
1.5989750135328367
1.5500108126449363
1.5598297934785028
1.5950009589452763
1.5880776560122276
1.5620006832540576
1.5219345650724825
1.4814914125126544
1.446228724748677
1.4263789778570983
1.4104336903428727
1.4001213263996906
1.3960835440251762
1.3982261373002483
1.4105328532766994
1.4208337909591222
1.4175036880149108
1.3980521592007942
1.362791115356071
1.3216515601368843
1.282690820374906
1.2535971436361935
1.234280784070056
1.216098274131542
1.199257622362339
1.1843246281454625
1.167944155818519
1.1571197839376324
1.1458798075204555
1.1352402780608202
1.130811173988883
1.1259353277808335
1.1193629282064086
1.108418386788314
1.0942625853718921
1.0856631635382075
1.0758591023360091
1.064451043404208
1.0522071042698429
1.0416391312297575
1.032244524752466
1.0261583250076578
1.0221536054354459
1.0182855524363392
1.0145109164963575
1.0113314818685133
1.0079959798380396
1.0065041270279718
1.0060851340345842
1.00481919142784
1.0017827695133528
0.9987813593676657
0.9955235994763195
0.9923981440410965
0.9906033244933077
0.9878479045458731
0.9866862999398097
0.9865459662423232
0.9856312419334606
0.9846558605178353
0.9837582859118353
0.9815304228073708
0.9800555848237096
0.978729513298445
0.9776622537879565
0.9783898918183757
0.9786328270600614
0.9796008475162121
0.9796255378036354
0.9778306965896234
0.9772785579281944
0.9786909789571971
0.9782495446578173
0.9768101996567822
0.9765187853745849
0.9766369403690796
0.9784644626240375
0.9787928642855686
0.9757385327988074
0.9695988043159911
0.9647232579412338
0.9609304314779119
0.9610540737689807
0.9636007250036573
0.9653520408490093
0.9676764261660388
0.971709165660436
0.9756020529725267
0.9775876602249215
0.9789642890908445
0.9773947189339115
0.9745201821795675
0.9713418389734727
0.9682890987766009
0.9665252458064298
0.9645184147838637
0.9629661888707289
0.9634497715519763
0.9652311341306024
0.9669544384950437
0.9680201412161172
0.9675233513735645
0.9667424341118086
0.9666774339491628
0.966324003286764
0.9655759107018542
0.964538705375379
0.9639441827192623
0.9630739883679318
0.96364765676202
0.9647994206160638
0.9643325171678278
0.9643834936384971
0.9654113123795214
0.9670432936990092
0.9678912050981944
0.9685298597868041
0.9682091989580126
0.9677875411088933
0.9668841461949836
0.9662339268454873
0.9655192114221381
0.9644926387671642
0.9633632466253257
0.9630577336742174
0.9634276371727709
0.9639839717071182
0.96436798689557
0.964609235032844
0.9651977969000876
0.9655806893770497
0.9663796291247103
0.9665189524860588
0.9662332617407223
0.9654909513355943
0.9650149716159766
0.9650526503896018
0.9651979475734531
0.9655243071108063
0.9650791809774811
0.9645551991507719
0.9637190945064887
0.9630784345569473
0.9631824862564833
0.9634620538326142
0.9634550178822846
0.9629952545322683
0.9629162106115288
0.9632192323917437
0.9636071598118959
0.9639598211029434
0.9636822794874719
0.9636552230230643
0.9636535065841986
0.9643013785932286
0.9645909290859731
0.964027901081076
0.9634632544670193
0.9624022785525139
0.9624703984678362
0.9626553200633388
0.9628957883626662
0.9653117231319889
0.9680111142211661
0.9710008853158218
0.9723415265947563
0.9716047989593508
0.9702721976434817
0.9686688426057906
0.9671600820264252
0.965438679744452
0.9658644504273652
0.968230740705976
0.9706698372020109
0.9724857832993409
0.9743919001672403
0.9744954671866792
0.9745784355980674
0.9739922753617183
0.9737144454380331
0.9739887499732679
0.9744279270112153
0.9748545267134191
0.9753881817414893
0.9748897711755341
0.9760198019956942
0.98320994440785
0.9899590617558348
0.9939715749849818
0.9960545643087723
0.996040339113021
0.9958183089431444
0.9951223204973807
0.9948481409163651
0.9928249863095221
0.9970987188967108
0.9965694675639463
1.000180075730033
0.9788466961142686
0.9770731120352534
0.9770789332074122
0.962443414781659
0.9648129654739328
0.9653822106511235
0.964106276943748
0.9630533440802508
0.9651794095337525
0.9672536406132941
0.9697350500198034
0.9690005785272707
0.9676113950664184
0.9646982871180128
0.9612963698308229
0.9569190327538292
0.9518054111992982
0.948595468792714
0.9466515615507152
0.9464248582997171
0.948508285791382
0.9508027974458076
0.9557577627388667
0.961291264612694
0.96644254087858
0.9717734404086582
0.9757740811076618
0.9750058580373945
0.97330534022336
0.9703756398811682
0.9667945715422204
0.9620671443775919
0.9586772049934922
0.954859613340584
0.9499114068583802
0.9484093199397539
0.9477994836101089
0.9519253277819982
0.9587616719920646
0.9589232865180396
0.9585664813180432
0.9654024871317208
0.9701060413074746
0.9743025540316133
0.9809896995673429
0.9883375785434757
0.9947718216369286
0.9993199666279433
1.0066868751033737
1.01296331015782
1.022001997493843
1.0280025261282164
1.0311814207050258
1.0307381118123413
1.0274527759067489
1.0243930466119262
1.0251429294493066
1.0275259601288083
1.0345085263489007
1.0372745457521422
1.0355980557851625
1.0309386372507798
1.0265117467428828
1.0254476677825564
1.0292939702410575
1.0373883177957075
1.0471260909618783
1.062980934444838
1.083865038260298
1.10362487756562
1.1143695868954622
1.1150438942047982
1.1128166220949252
1.1075433300412911
1.0969248570720398
1.0764318316780452
1.0595792897459821
1.0514614405347817
1.0488205690671988
1.0464160867237642
1.0344520790711298
1.022358454575764
1.0130923605765978
0.9974832100024943
0.9772448525392868
0.9550398448543501
0.93470764724713
0.9207096017133327
0.9079953414664448
0.8954457057861703
0.8795047445877929
0.8622702549235939
0.8466535099927935
0.841187768668161
0.8404265083149696
0.8397352721361262
0.8391300680835733
0.8419790472750255
0.8502326789822251
0.8657118270017494
0.8876208740451969
0.9137640426209874
0.9413359152315365
0.9716595660464744
1.0013973852446576
1.0359080304208974
1.0704671102390353
1.115380956128954
1.1629593897673423
1.203907675178418
1.2428861427090785
1.2723857274149633
1.285297293325365
1.276896418735267
1.2633054417091645
1.2444479990062634
1.2249971112602287
1.2068476565919326
1.189457327445605
1.1725682737800793
1.1588478646667644
1.1476923366580754
1.1419062335082124
1.1372725610795884
1.1314236277408598
1.1232816865796253
1.115048515556448
1.101764294277731
1.091091148466768
1.0846487245244434
1.0795735364831915
1.0783206871327886
1.0838426949056
1.0853552502789545
1.0880569129968418
1.0931793152688416
1.0936611000957206
1.0967193314982464
1.1027865410889282
1.1003703667079343
1.0921371003265163
1.0869289834694151
1.0833242961225242
1.0775091902363707
1.072506609911776
1.0688394732346402
1.0623832143190055
1.0555771568481194
1.04723701230637
1.0379563016032405
1.025125013452302
1.0075604357825192
0.9884412161721433
0.971812891013754
0.9556094303024442
0.9412428416871946
0.9273357818797726
0.9148426551120955
0.9011468785310089
0.8872457005411416
0.8720331489432305
0.858290252712207
0.8443213041705152
0.8294065287269299
0.814423832505441
0.8015140784205613
0.7923951068130536
0.7849270458396035
0.7799902541690095
0.7749098360876583
0.7703179474698253
0.7695571174433582
0.7718927447306819
0.7727014100672881
0.7734225288725264
0.780792024483322
0.7935085373847187
0.8090715818528914
0.8251824870525539
0.8420315016357115
0.8544139298777383
0.8709824579322597
0.8853814315081174
0.897003937445702
0.9052974213278567
0.9119889730001496
0.9184761901335073
0.9172004887843663
0.9181695754487378
0.9231777011666362
0.929123483489843
0.9387977960317845
0.9488657796624512
0.955679160711436
0.9606364087640086
0.9636325974842612
0.9625633899704193
0.9619723284721313
0.9607073908930697
0.9589357573404328
0.9575158239311069
0.9591265506753227
0.9650548048662891
0.970405734927319
0.9719498505378593
0.9738184008775481
0.9750653010888315
0.9749141641103144
0.9749374904892357
0.977432279299448
0.9795556346895604
0.9811465921653649
0.9788492215055743
0.9754242738953067
0.9745268102347482
0.9753709160230059
0.978463642334318
0.9860289617426808
0.9972914391346136
1.0066175473649066
1.009705884526541
1.0044361140639668
0.9982988149828604
0.9907254006015848
0.9838528969031715
0.9783500134776151
0.9718677579653523
0.9649536925621206
0.9622908902051278
0.9607091300197584
0.9628926528537424
0.9699445788553909
0.9803019730873821
0.9918276125933051
1.0015557075903752
1.0082892736849798
1.0102418351205136
1.0095072740736695
1.007257002255421
1.0029833514380913
0.9979477932956968
0.9926431504509651
0.9889316057481263
0.988363880088936
0.9887534805321561
0.9892299338279059
0.9878231776761315
0.98767352168808
0.9872026347967572
0.9888871290586105
0.991969813347129
0.9934904830004878
0.9957790583994651
0.9960850653270207
0.9942868564782003
0.992029368232958
0.9911556016212372
0.9902445966873173
0.9881005633397092
0.9834314295834865
0.9768194070711318
0.970178742352446
0.9640830097195642
0.959101261934607
0.9569425606107544
0.9574391751023718
0.9568438532877565
0.9531287907778364
0.945848728765312
0.9403745813210942
0.9432303037662652
0.9540959632619243
0.9639998365458357
0.9640749795195894
0.9541070080697674
0.9228827190067667
0.881432508339427
0.8541361850251751
0.8393041755554861
0.8294500707837585
0.816948106577108
0.7948503521798739
0.7699277247061738
0.7613819817331272
0.800917411418023
0.8843995598839425
0.970896559247629
1.0377663430157034
1.0896197299805566
1.0699082808985727
1.0256740562279587
1.0047579267041415
1.0014386927264465
1.0074941468448406
1.026077561945857
1.077133537707026
1.1445905861321888
1.1775394602530267
1.1528653925462018
1.106445594660128
1.0616227817575552
1.0029798122371185
0.9442165375786974
0.9079608087388771
0.9202993115128024
0.9577174668476705
1.0038262727675376
1.0548108109038679
1.1682906868951848
1.2902863531887259
1.4392086695270139
1.5412968241208629
1.5328272855707736
1.4829473373139228
1.4546651629739729
1.457618509621239
1.462805212544197
1.4619975482846486
1.5436024683686647
1.5663599260357197
1.5382167315477404
1.5362531757938107
1.526263433624721
1.525129179915794
1.5513740507149074
1.5985416480509023
1.6081107641469563
1.5784509633777455
1.5047933682653858
1.4353317775097003
1.3900599783436933
1.360505742099002
1.340255936713236
1.3373954920303637
1.3450680140196691
1.3596668617494043
1.3596882563509165
1.3454952817944468
1.3367772684567647
1.3134853820590648
1.2893483521632694
1.2656285786545207
1.2396957795157932
1.215797082705971
1.1877153989173324
1.1617295293179117
1.1370414502577786
1.1197374472653385
1.1030341886560107
1.0987811639744975
1.0951335709404197
1.0927401441033227
1.0938645484529501
1.0947855414122458
1.0995363128342133
1.0993769822422335
1.0995893667039713
1.0935600301414274
1.0844568807861599
1.0704311804635809
1.0611371907799598
1.0541248574716964
1.0480219069003198
1.044855685020699
1.0444206400132827
1.043389176147082
1.0427406399000076
1.0409424371628353
1.0387744776476884
1.0352997385393663
1.0321114417539548
1.0302371687705738
1.027232748688563
1.02624102310873
1.026362940417685
1.0256198174378803
1.0249051806065248
1.0220131776146246
1.0194322219040097
1.0173880506011808
1.0189080743230625
1.0222525584597202
1.028225629603
1.0266557516734682
1.0232050591496493
1.020780644871601
1.0210506278719422
1.0207658857306965
1.0200450425472427
1.0160367095915033
1.0148899309435153
1.0147145741449834
1.012864669851803
1.0101619527938686
1.0085567214535773
1.007129427239381
1.0086798488983673
1.0097859269435507
1.0107344857939276
1.010454956609736
1.0078313823508618
1.0092025715623463
1.0091427464926601
1.0075935703834882
1.0059648112675026
1.0057626468295782
1.0043923293063504
1.0052634677111507
1.0039374289392091
1.0046443801595406
1.0020623249934746
1.0006792056862404
0.9994161588983165
0.9992542083334063
0.9971492239563929
0.9942488441973878
0.9954275379676617
0.9946202171078729
0.9963517523815967
0.9965448055925823
0.9935300108439878
0.9931340005631791
0.9956400232236645
0.9983822983583189
0.9991170534570798
0.9998299383825553
1.0001524255234788
1.0036715103435436
1.0094961863662597
1.0121689886291099
1.008505336781765
1.0021345191053557
0.997692161690776
0.9978514056594328
0.9989474070994493
0.9984424311454763
0.9966885402283857
0.994610730615911
0.9928229018155075
0.9905560371181089
0.9898101483806407
0.9882207808418293
0.9793997693415281
0.9733188064955741
0.9663165039707248
0.960427712146857
0.952654751011217
0.9467933223743511
0.9380614400472883
0.9364620690469323
0.9399634660096051
0.9476632788714864
0.9582042645883123
0.9696280794355768
0.977424313941641
0.9819568614962866
0.9816715718831278
0.9785390479865672
0.9761734246646891
0.9748333665099093
0.9754730744952197
0.976698336754778
0.9766126804198204
0.9748967492837786
0.9731893701477458
0.9779822730623977
0.9831961326459585
0.9851943118575828
0.9849532489560512
0.9820930403542008
0.9808517124827741
0.9834284403818501
0.9873486307614417
0.9913562992163825
0.9966159161356928
1.0036399976463974
1.0072292049244125
1.0067410745337029
1.0057636091908262
1.0113340043746935
1.0204993555397648
1.0296337097836374
1.0332505544524286
1.0377762531828538
1.0389983476262683
1.04029595644483
1.039588674899151
1.0328421706701743
1.0287597206591033
1.0283996999249843
1.0322803482239835
1.0377449072895084
1.042452033013307
1.043794011017231
1.0444489711781058
1.0473993766291405
1.0458226017454304
1.0491306947145953
1.0643554176239491
1.0834012423760215
1.1016471570700825
1.1255531547900899
1.1625089798910622
1.1903777097893826
1.2018540667374291
1.1969681010663284
1.1819983489918686
1.1590652600532656
1.1243491930318763
1.0918066989976665
1.0678959877622392
1.0428160265085198
1.0143476260195294
0.9951040282850371
0.9776460822947556
0.9517870695145791
0.9216854262777077
0.8901451648943621
0.8559063550616792
0.8224084108910019
0.7843105889140793
0.7495649166851166
0.72137158587781
0.7028106345636301
0.6839830837022436
0.6615261233271336
0.6422206479000773
0.6328735387417033
0.633052320434042
0.6420417267158093
0.6629006178765412
0.6877574524332029
0.7135233448661521
0.7427024585983424
0.7819448115306681
0.8323404761777894
0.8906465755583309
0.9531973564743158
1.0059318885328123
1.0470019260815704
1.0885243252293628
1.129388705609361
1.1581993673015332
1.1745931779700245
1.180280230772771
1.182698906295903
1.1830692342695435
1.1867409596474203
1.1962769583971664
1.2191567589507686
1.2464022178592407
1.262275735123813
1.2725219410131852
1.2795184222326377
1.281407303858792
1.2782221973742063
1.2705293099453472
1.253331996982282
1.2373379360652357
1.2244183790031171
1.2107011833146777
1.1920264453526612
1.1726504219494112
1.1542447586891824
1.1361849379681297
1.1199281173731248
1.105791018791312
1.0928173801265328
1.0819941435558647
1.0731149132068731
1.0666371729723034
1.0621994021219383
1.0636153254733234
1.0690714324484665
1.0756950132278795
1.0816879061976612
1.0843144627827543
1.0852285320491846
1.0830519821785158
1.0812591735011043
1.0726352915476545
1.0646747225991335
1.0582285271072907
1.0540707036527912
1.0524619532938422
1.0521567626791712
1.051834506041173
1.0503987347968704
1.0463635253922987
1.0429658501800945
1.0387189974832056
1.035461165403232
1.0324704879743989
1.0260539678819998
1.0155123979071858
1.0013806680754689
0.9857482342912093
0.9689596928741259
0.951189146059606
0.9369514717834381
0.9252838329787924
0.91271702256516
0.8974659325319574
0.8823463444209683
0.8636641922053979
0.8493329509089886
0.8345753437534057
0.8180524821381238
0.8029681644910156
0.7923514565877056
0.7862156175634918
0.7808978717255084
0.780495065082717
0.7785201841948975
0.7747439567470858
0.7745141689468461
0.7781179721977431
0.7810568434951107
0.7814851680610072
0.7833612605287538
0.7878452745522854
0.7946885296593227
0.8067437605289229
0.8168576670281414
0.8361265462204767
0.8432557173876933
0.8600908363151908
0.8783421525865258
0.8940653472444059
0.90234468489404
0.9087448147051909
0.9121340041106811
0.9164201402786762
0.9221319660156346
0.9274232569989936
0.9338869527790862
0.9414304818767179
0.951418027978238
0.9581906754939495
0.9650692873354747
0.9722062234167521
0.9749385614524677
0.9778214997639222
0.980129848624649
0.9767348837817906
0.9731815902453479
0.9686361726980267
0.9650980318612441
0.9643137194621001
0.9638770442167691
0.9653899720328346
0.9667022458818686
0.9683073295764928
0.9685854885136839
0.9696663427343459
0.9685807577868016
0.9694730649463508
0.9689923923846423
0.9687799073861797
0.9685035640489801
0.969261683112888
0.9680690548086079
0.9663817128989746
0.965557560796297
0.9670464492620613
0.9713372750021716
0.9784306221068436
0.9862190972167274
0.9936408706399692
1.001292592967949
1.0077456375937304
1.013306349360745
1.0121805062269453
1.009011072455272
1.001221426766419
0.991969867877986
0.9850336379270676
0.9874036124540279
1.000775841042445
1.022546253488399
1.040833117812297
1.0421560378040224
1.034595876625664
1.0243995649029123
1.0152044668498201
1.012633608270877
1.0140931867424636
1.0147616718857642
1.0145182910452097
1.0123726044131727
1.0114292321003362
1.0088341204755664
1.00073066820271
0.9854005304338848
0.9677535519446223
0.953332478685351
0.9438462087913766
0.9459990316828751
0.9592629388258409
0.9781675993733508
0.9958769619636416
1.0032896761610317
0.9994578354164635
0.9984438137494539
1.0029062333315308
1.0106165423917302
1.0201209485571632
1.0280890698743377
1.0290036376027463
1.0247632065224865
1.015623524455969
1.0085179312535932
1.002359164040995
0.9994830956193564
0.9991629364386337
0.9960465218761322
0.993611198396389
0.9919123712339729
0.9894772844481641
0.987865102121519
0.9875549706184453
0.9877372463107467
0.9879811891659099
0.9870376418393453
0.9867272103284507
0.9878769916227128
0.9908609687195735
0.9922528764264329
0.9930035576386984
0.9926580259675712
0.9914209372244436
0.9920205823788367
0.9917416636269358
0.990399372230209
0.9878772203630937
0.9814404290770565
0.9733524272097871
0.9648204788164332
0.9573715969400418
0.9520618521445491
0.947156097125157
0.942311216070041
0.9349035007164397
0.9253601920361035
0.9147058211646595
0.9023114887693836
0.890345127661373
0.8816593762468383
0.8801393696997544
0.8818046603786128
0.8824817362602502
0.8712406112895633
0.8550274735456729
0.8406258529314627
0.8280699115869841
0.8167849529291856
0.8036138905581002
0.7908889195263948
0.7820324154661268
0.7801268879623724
0.7822193931739645
0.7860848991597301
0.7881006359054626
0.7808111837105861
0.7762516097141611
0.7809984869639384
0.7907486724874798
0.8233056997539143
0.8526498742648584
0.8721015238520554
0.8551257293634862
0.8093792778219907
0.7596046835241149
0.7088590379228286
0.664800414776741
0.6578768913150245
0.6768545223402511
0.7174033255063051
0.7432091774123525
0.7465359049472439
0.7296890135362436
0.7075407976182025
0.6951942666312619
0.7028540943794351
0.7122567629739006
0.723534089955067
0.7682301664591578
0.8510572007800491
1.0545160077306477
1.1681028968480178
1.2611480556887078
1.4721479453831832
1.5048753894499496
1.4890799075032661
1.4775001198681765
1.5107239534582673
1.448104666394267
1.4206348147587937
1.4597928074122082
1.4893220543932835
1.509339926330365
1.5440300468508277
1.6034005306310848
1.6611689825043259
1.7043340979819397
1.72825717928717
1.7147491586847592
1.6643901191977826
1.6011861567023864
1.5254259786956992
1.4551532602781956
1.3957335683613856
1.3514386945027015
1.3188117853929848
1.2834151957496713
1.2414579631190918
1.2053604194979608
1.1975634022440036
1.2066247493327464
1.2286163189865589
1.2398467671638083
1.2325273728010848
1.2181991335429707
1.2046857373370505
1.1945488308189403
1.1832256151012117
1.169940310755832
1.1532937139471602
1.1354780840411833
1.1199931230051325
1.1114894417504928
1.1064380597465042
1.1038763071836202
1.1009310445203917
1.090897353875227
1.082848749777802
1.0767412528685762
1.0722027662547662
1.0667433060942975
1.0587639025173337
1.053129669507208
1.0476412238968804
1.0424228730882747
1.038495948353371
1.036122702227103
1.0352376262641485
1.0301550568192246
1.0258042597732926
1.0228272267628107
1.019979010530262
1.0204232681983492
1.0218788578474227
1.0201618729427935
1.0154025086232183
1.0101545815049098
1.0062763167526392
1.0047215513892256
1.005678702668764
1.009569196007053
1.0143742742046333
1.0152200831027025
1.0131858384094774
1.0143412366287161
1.0139648937584111
1.0131926794726078
1.013024856523057
1.0118510962536524
1.0116189762018357
1.0126458386995956
1.0125498386205
1.0129696383945248
1.0143238745798877
1.0140852106826228
1.0138809125920836
1.0156614642295858
1.0148979787103851
1.0150859428705106
1.0153129855017806
1.0137974029419772
1.010190096864489
1.0081152425917024
1.0067775591545756
1.0058330516535812
1.0035879647228296
1.004341285943198
1.004061914115603
1.0033174202684338
1.0020993073746658
1.000652374512383
0.9995377147309644
0.9988527428635077
0.9979869080746571
0.9970560471000798
0.9941501036651256
0.9934453663045403
0.993235718776591
0.9912998676383201
0.9882019291854909
0.9833185128766914
0.9812828404139217
0.9792090055424599
0.9783928610108014
0.9786901350027226
0.9780298305218064
0.9757542005981698
0.9723428353700705
0.9701667622629079
0.9698933513587723
0.9696677280225064
0.9668414054763563
0.9634855882987226
0.960639550028641
0.9589971913490356
0.95878451245689
0.9578122529796722
0.9586644701415679
0.9575679613502828
0.9565154155605662
0.95637484227761
0.9613123915761725
0.9674564010921727
0.9737867428124325
0.9808909032240891
0.9817043552743777
0.977692553010415
0.9753076258564868
0.9741753918815377
0.9706147704478147
0.9677059852448312
0.9659065243806656
0.9650055984283437
0.9613856283221334
0.9593137736493573
0.9550221899946781
0.9534037931588883
0.9536722802225757
0.9533545594629309
0.952397954459402
0.9532867895069401
0.9558511058207934
0.9575815175023759
0.9598083687204216
0.9613490027421592
0.9613942444361373
0.9607471939815349
0.9593011515576344
0.9624741563593535
0.9682441824121631
0.9750754159664644
0.9780352295934042
0.9758465875288487
0.9730281135047285
0.9721345901235785
0.970290802822923
0.9717626498336549
0.971937900079756
0.971893026034977
0.9726084069454703
0.9762330186401997
0.9783919260201358
0.9807243694360076
0.9832914124588996
0.9823487751298099
0.9823929941684978
0.9894366406633778
0.9996923155497345
1.0096076933354012
1.025565374446961
1.048050040089553
1.0678392195430868
1.0881319148347683
1.1025868607347107
1.1137667075538698
1.1156739766638213
1.1146226693315995
1.1138618848051494
1.1100231376137601
1.099269702172663
1.0810400029841836
1.0674577898400497
1.057417407492829
1.0473203549578882
1.0389052222336026
1.0350274262805634
1.030951469399877
1.0247125385926887
1.0171946162347676
1.0018590500612057
0.9968448363142582
0.9917821367677285
0.9873194353048453
0.9867216780279375
0.9856982986377684
0.9861804090908302
0.9867608136590906
0.9918093382427007
0.9940273223950782
0.9902684184895854
0.9872503336687771
0.9826515057502928
0.9740125716712853
0.9698686395917137
0.9677353209380716
0.9668847791449289
0.9652701931560489
0.965610017041752
0.9704629827485384
0.9782701910510325
0.9824581142987526
0.9870776892829038
0.9919944749156678
0.9922404276288098
0.9900522938424029
0.9899214184287977
0.9877986296959121
0.9912806074465258
0.9986401445126407
1.0013443235804595
0.9985090840163856
0.9922746802489892
0.9890728781683445
0.9811655267935162
0.9717529774138377
0.9605386117575623
0.9510732188554324
0.9431809319878576
0.9368472774997495
0.932351007075252
0.9346746672845275
0.9413980831856908
0.9506089050481346
0.9599096751051945
0.9826321231022926
1.0027104450289703
1.0239263825302218
1.0486873157682108
1.082550683901926
1.1202328740214778
1.1575050176404007
1.1848342155651874
1.2046139357869732
1.2143201321107269
1.2208526709381737
1.2224231574401319
1.2200706380533062
1.2151049420972955
1.206227972508998
1.194503142690052
1.1824415648170783
1.176511008212218
1.1703985608256142
1.155849136036535
1.141409445263578
1.1271982032456738
1.1165984403505074
1.1065898412248065
1.097917208575201
1.096148709809542
1.0972062422738118
1.0968887942219687
1.0986405531942474
1.1012451393206821
1.100557152409442
1.0999307538505567
1.0875144527353222
1.0841079006773027
1.0768446034413495
1.0702082856352153
1.0619924569086507
1.0535589532203362
1.0451188629906676
1.0378327863842214
1.0316032604025636
1.0255903303448437
1.0172346830491015
1.0054254978974662
0.9926204376555144
0.9793983676247042
0.9638381843470497
0.9475651689072652
0.9294736032783085
0.913537431068438
0.9004500743274826
0.889287628130322
0.8795874308995857
0.8690190684501983
0.8581761795691524
0.8445200758231473
0.8321431133899388
0.8210329837048941
0.8140097597771074
0.8091535884148482
0.8074281166218351
0.8044756484008289
0.7994654740104884
0.7943460736981769
0.7938635811420082
0.7941615412046649
0.79235321734553
0.7898665018054771
0.7886869326213026
0.7920361492635828
0.7991964137247709
0.8080576443341273
0.819326984489492
0.8336613602353441
0.8451685633822312
0.855441006217259
0.8643645530132494
0.8731258935270773
0.8818499769353654
0.8877114864963118
0.8909362753277686
0.8927760156869424
0.8981020307422978
0.9071392464424151
0.9160963097548502
0.9281810632567336
0.9404115421350383
0.9504723470813468
0.9563292268406772
0.9591174789460702
0.9596003776747437
0.9588452871003367
0.9608080444064946
0.9618888373446682
0.9617689087380512
0.9630288729771762
0.9674158677235941
0.9715008551794014
0.9743573891474647
0.9735084602062435
0.974298653870305
0.9750170117467246
0.9770378022183728
0.9790547928762053
0.9803234544731313
0.9815096890701418
0.9832744514173062
0.9839272236495329
0.9834868619244209
0.9838438096887562
0.9812816434783355
0.98082910713659
0.9844750406652415
0.9903889450725465
0.9955318011742628
0.9987396925892683
1.0034114081318635
1.005032984247991
1.0022760422734491
0.9969660853382482
0.9902219978054118
0.9854699881914478
0.9812944664268634
0.9772446025179412
0.9740830965247906
0.9728633054226453
0.9734057707967108
0.9723069157769434
0.9710097506564181
0.9707095551845778
0.9716292022208957
0.9725757049601587
0.972528792595637
0.9700588768955813
0.9657938464930559
0.9578008349401839
0.9493729603567421
0.94758934514769
0.9561285867841509
0.9659932039458997
0.9703214998910901
0.9658508048218276
0.9558363787042308
0.9457909460349068
0.9437746719858281
0.9568794225046815
0.9797473158498134
1.0175702662944461
1.039586314809155
1.0451147424208933
1.0488030347714548
1.0448377641184952
1.0366996284324828
1.0286653649273734
1.019628555265285
1.014238879926274
1.011510952664146
1.0099281017488815
1.0080632264364715
1.0058592601498808
1.003582876999172
1.00139286325866
1.0025845443575596
1.0052651951373643
1.009258244144263
1.0105755849196478
1.0102492678562978
1.0086941517522534
1.0065966498889696
1.0052239406449517
1.0038010487464233
1.0026529105922344
1.001491671953823
0.9998503689700656
1.0000774030681452
0.9996945441378855
1.0007545435109877
1.000875478350781
1.0019808036537272
1.0030356609842417
1.0039099152272752
1.0026705805620482
1.000709794284003
0.9982389197272755
0.9947971645197956
0.9935002385273524
0.9928794602898843
0.9953688912940596
0.9980509203965288
0.9993189287111375
0.9980921189016666
0.9956898466443141
0.9919035292712476
0.9875774524437737
0.9834109795238274
0.980018293495617
0.9794506396427249
0.9826783243500992
0.9883617199055322
0.9930869606147129
0.9964958096759161
0.999569266858161
1.0046648059484302
1.0115836368933053
1.0163266718237698
1.0183585675259217
1.016640320754323
1.012901957391598
1.0087949295306267
1.0053602439521359
0.9993027547372613
0.992714477027749
0.984530472127419
0.9773812032169239
0.9756591697219732
0.9786643825850766
0.9835562733773217
0.9863275158013661
0.9862102473408377
0.9864186710773855
0.9856517571096628
0.9852329938112306
0.9858728245831238
0.9851467482732161
0.9847716245345596
0.9830181403645502
0.9796175795277198
0.9771686045341966
0.9742090176066427
0.9708712402463935
0.9678481450126426
0.9638883134462279
0.9594623991432152
0.9573893588645045
0.9563776475993642
0.9533173590642668
0.9471402218483529
0.9358772777091047
0.9201562167807932
0.9022657967998168
0.8888481892936878
0.8787758134318812
0.8708924977754603
0.8658412496180466
0.8665412332383085
0.8619700790779617
0.8444959293990056
0.8215303891627707
0.795246767954183
0.7723776518259804
0.7437113323425741
0.7058345995266886
0.6673913960278722
0.6508720787775661
0.6676162064388161
0.7242165989249724
0.8084711496124979
0.8979476332817182
0.9385713517614049
0.9182651169150062
0.9040909245993014
0.8867537574140418
0.8262873753495671
0.7902071960317664
0.7938743240111615
0.8415654557049961
0.8897024995063693
0.9114034581825259
0.9179418238199898
0.9004378863058747
0.8822234027343812
0.8778164537596613
0.8658595786932246
0.8632842980797704
0.9193844310304058
1.0492049235889318
1.2296403901742665
1.3830443225569544
1.4943105795131748
1.657061393229715
1.7514681026926204
1.6976266991602884
1.6417607778685641
1.5907019692336564
1.4869371937581795
1.5164034474566366
1.6002842103414272
1.6167689039125925
1.6142138180887387
1.5960952471483418
1.5699896022597095
1.554996241332095
1.5292565165695848
1.5239854657275713
1.5429820657666815
1.5490203885379323
1.5311472610617634
1.4868276155924476
1.4375781110051682
1.4033778328706203
1.3690089344336884
1.3445848115492591
1.3341440241868163
1.3302977257837407
1.3237196046005009
1.34163804735019
1.3505992651192364
1.3468100477143161
1.3333975233169026
1.308442721811543
1.27980199118379
1.2495180766984844
1.2145245169677736
1.1863710562716159
1.1617920182062982
1.1403362030197994
1.1232581683147356
1.1122505744206928
1.101306331469202
1.092215950348859
1.0863053279863246
1.0826946860514601
1.0811432956364686
1.0797448834101262
1.0796347782702795
1.0779470906505553
1.0738129285102658
1.0664239926599153
1.057546811479689
1.048994494805469
1.038953209467237
1.0314400090408247
1.0249475934201955
1.0194621007393996
1.012491524826412
1.0081711459295424
1.0051675211372222
1.0028883304727272
1.002336066144577
1.0022173755011385
1.0031393079197832
1.0024810607647834
1.0025589125841576
1.0008113894572372
0.9985455155265296
0.9949527911245702
0.9920586115082318
0.9883131522264186
0.9853833902250188
0.988136425301279
0.9904030768985348
0.9931507742719496
0.9956704119351761
0.9958029086183678
0.9941957091127583
0.9913111994933466
0.9868085770644826
0.9800930804225616
0.9701922256144236
0.9644066739092652
0.9622024876060894
0.9605593196124365
0.964030992001511
0.9729945160725255
0.9824790145702074
0.9877395709764912
0.9905100294258897
0.9898596620634986
0.9873272962619768
0.9845403411263828
0.9812696370944134
0.9799232156024111
0.980003913184892
0.9805693858463799
0.9823804307256772
0.9825109406337741
0.9829247934098337
0.9836650032510903
0.9866832997337092
0.99148694962237
0.9935295112214496
0.9956785657301249
0.9963764117924352
0.994907589193484
0.9938245724365388
0.9935050247210181
0.9932552761813263
0.9919668168293108
0.9916364643769889
0.9944835625649598
0.9981840891189936
0.9992395390541625
0.9991275824128635
0.9957317914616387
0.9893543884631132
0.9870036946583796
0.9840817967232734
0.9830568404696397
0.9829919102686216
0.9791371646660448
0.9787729461020781
0.9798177347229875
0.982467108981768
0.987602437775874
0.9887116689588158
0.9897514253172102
0.9914768758782501
0.992110413727417
0.991079476623134
0.9895407028756877
0.9873012980168681
0.9858324682474688
0.9854524419274509
0.9835124513247269
0.9832536457770964
0.9796534433148426
0.9757882753983517
0.9770905803478246
0.9753193378699471
0.9718667544123641
0.9696754222795583
0.9712623569334382
0.9744778700889977
0.9770987029691284
0.9774783373554132
0.9775807730289018
0.9758364232702204
0.9722955544428381
0.9726067037682228
0.9695228384658917
0.9651508488215267
0.9623067859680887
0.9620130414803818
0.958532759426626
0.9539781600130248
0.9488445288511659
0.947229573323202
0.9485498454694425
0.9516965197112143
0.9561321888736429
0.9614802253731228
0.9654453876340472
0.9674264942185368
0.9732341157958092
0.9756116336325756
0.978839277882361
0.9841706140548616
0.9926891728511539
1.0017585052830176
1.0097184716526433
1.0167867505754302
1.0198638250824568
1.0263061657431918
1.0398392598064532
1.0522373741070676
1.0625912033138845
1.0713727765816967
1.0579062541910038
1.0573329341499151
1.0554878606509568
1.0498029804279212
1.0522034933797462
1.0529664967325159
1.0531330909378864
1.0516347499117964
1.0464889229011034
1.0511703405641875
1.0532165148044828
1.048740339406711
1.0470697201953036
1.0514925841475122
1.0510270607557255
1.057447136581609
1.0654822046058625
1.074981297086463
1.0835773946667215
1.0874070256695003
1.0852042818121972
1.0639751313480463
1.040265061838175
1.013602411055232
0.9971392516522509
0.9908316247460295
0.9811469064004504
0.9794715065359617
0.9847854908964628
0.9870632714154772
0.9825273929318598
0.975362539341009
0.9588896324109636
0.942297853243402
0.9298657335233745
0.9080132319301518
0.8857043265719827
0.8641835101762521
0.8367236847822853
0.8178313301096434
0.7999287886565078
0.7875249212360564
0.7763508749597331
0.7640871517909289
0.7586408874900041
0.755835931332204
0.759191666166172
0.7659271024285631
0.7765372953119122
0.7855326457982337
0.7929970466179143
0.8048963207985019
0.827435098188818
0.8470024423937875
0.8722719980932343
0.8977476160928668
0.921673112540265
0.9530653179167267
0.988642842627252
1.0217001207021816
1.0530400008330987
1.078591870314925
1.098121479012255
1.11085099864042
1.1177627208895604
1.1217998202275112
1.1228247982345134
1.118066926247796
1.1108223527353047
1.1006754738799056
1.0896348651791763
1.0798884730547484
1.0791203590492906
1.0871632713748947
1.1057515760915815
1.140309030585071
1.1754211938161612
1.209694782994754
1.2341392374376818
1.2484896280767783
1.2510408949161815
1.2476979877283643
1.2391587561927198
1.2309205635118525
1.2171581630828276
1.2024013448174407
1.1868691663217206
1.167738586963947
1.1535354722627034
1.1392435424579506
1.1281324596910152
1.117862960300712
1.106950749600968
1.1008680764856076
1.0918449511677706
1.08121676193611
1.0738627333977036
1.071099294105421
1.070064063119586
1.0691190835662443
1.0706753908502384
1.0723873760513352
1.0740112066581529
1.0744706308650451
1.0717736035841958
1.0645234739103107
1.054065585685289
1.0452678932912163
1.0385305899677604
1.0332373594763367
1.0285560393437774
1.025067196834135
1.0256361649124612
1.0256237308786937
1.0275421051246114
1.0238124675781979
1.0165665628041645
1.0082678787663129
0.999023611567068
0.9862271193972902
0.9691122592993867
0.9529827875345437
0.9380718046923202
0.9233062492274211
0.9119594723113267
0.9017925307854427
0.8947865390206023
0.891744224413656
0.8878644354917803
0.8796393835134012
0.8686753407901828
0.8532078974242878
0.8389032073862598
0.8207404309078634
0.80310554910866
0.7860913047818439
0.7732287296729937
0.7652959296372213
0.7645217561136494
0.7644969283430165
0.7649800271999655
0.763239091934851
0.765571083007811
0.7690529171297595
0.7733775188703315
0.781333959698978
0.7930255775788752
0.8058375894191532
0.8236028278556973
0.8407852077304357
0.8590288537433705
0.8797849444161521
0.8964477000181272
0.9108926046383967
0.9240652878249275
0.9317502634617036
0.9369835513900232
0.9389920613189348
0.941176206017703
0.9472902745125737
0.9492575061041716
0.950953010411467
0.954581948894609
0.9552596246176829
0.9555297188494131
0.9618646647700172
0.9621430534490628
0.9621237168545158
0.9653461561298904
0.9691408583882336
0.9704342523049899
0.9712204314871868
0.9661861989117543
0.9586408029378771
0.9532161814096977
0.9508013083570478
0.9545596104041543
0.9606414848473797
0.9680319987902543
0.9752338278676789
0.9782339878386955
0.9782166666776604
0.978233028578069
0.9782410734156333
0.9842091867332244
0.9932772629408927
1.0007280379548908
1.0058321452779242
1.0074405233045454
1.0064096939551155
1.002466001356091
0.9997366194486644
0.9989234361087561
0.9948755957305899
0.9914238573922475
0.9896432267634849
0.9903817522277903
0.9942719779401693
1.0002116972283295
1.0039925724466272
1.0053896643965348
1.003984405436286
1.0013849302456153
0.9980342878392728
0.9930431722365952
0.9877513997647224
0.9841461224983192
0.9818441842270951
0.9801352773566794
0.9793209930965787
0.9787143044634892
0.9760636166663019
0.9735517349719537
0.9701828493903129
0.9690335064903056
0.9769631796453783
0.9872371691302413
0.9946927720938114
0.9970795745441087
0.9973927370875508
0.9958039721667045
0.9912181310510974
0.9907543117667359
0.991769252458224
0.9928853942036312
0.991448711083774
0.988185058582152
0.9863226259920936
0.9854544552080463
0.9852459337630396
0.9844175488626529
0.9847486088526107
0.9854326120464193
0.9859774878027209
0.9890199395074414
0.992588427731458
0.994404170943528
0.993861898462027
0.9921115089063982
0.9903835818199446
0.9884863285338461
0.9877369656795186
0.98695360635165
0.9858439282015096
0.984586324547863
0.9834066590494587
0.983235491435822
0.9825880579309962
0.981129822111336
0.9777811033838283
0.9748239437361815
0.9724798568154369
0.971912562406235
0.9728674575200096
0.9732638442397175
0.9706399854644521
0.9680152128975142
0.9662365858147911
0.9631966116165867
0.9599409155609528
0.9583807779242214
0.9565428070971684
0.9534663710339767
0.9486038726346411
0.9427740251970317
0.9350552158680152
0.9295611498006111
0.9254798274431348
0.9196380308384685
0.910069521681023
0.8933844333917055
0.8717386536121687
0.8458953523036478
0.8228812517897791
0.8087025277156439
0.799577342482645
0.7860882530494048
0.7840899271309408
0.8010583896096466
0.8312135943846178
0.8701208487690075
0.8812049412332034
0.8573673206335811
0.8337056342686718
0.8033813021498157
0.7772431306360496
0.7412593030521097
0.706914265585216
0.6847845927064496
0.6747200759153337
0.6603928758883097
0.6314170859811904
0.595109184569449
0.571544197665078
0.5639917242112339
0.5611756592074432
0.5473085976060855
0.5357183101544497
0.5545282607572224
0.6005993315544406
0.6604019366503949
0.7030539656895027
0.7047232386970502
0.8526313303061805
1.1441831944912706
1.2357968630975114
1.5329345867369426
1.7878891133887742
1.7698051382315108
1.737169897802481
1.7484473046554212
1.6983575325443996
1.784150867327677
1.8048287038421955
1.9124581929912585
1.8439753271639192
1.8197922088885334
1.826841024030155
1.8104927507714559
1.7790864597284857
1.751590443887814
1.731619991501807
1.7136803146520387
1.6817267632674273
1.626933463278746
1.5663971319210015
1.5044525544404606
1.4557371860205175
1.407524362872702
1.3550571892175847
1.307627614440111
1.27151605506697
1.240089058860903
1.2169332865026434
1.2037250481227904
1.1875774843658908
1.1674930630972218
1.149812202553443
1.1416763976323874
1.1461372310077924
1.1569176021139347
1.158797713569433
1.1570015529378221
1.1496084114097005
1.1416731533801976
1.12915877035726
1.1184807052669583
1.1099164492565714
1.104727462443572
1.0999773843182798
1.0933241316486222
1.0852114069368641
1.0783737362788404
1.0702140526276294
1.0631603013318733
1.0563233139561097
1.0503618942736226
1.044698427805532
1.039215766249751
1.034176054643706
1.030635606851949
1.0281109061418758
1.0239447841241405
1.0200823118861773
1.015429692984456
1.0099477448620442
1.006584981462961
1.0035672982717576
1.001711461231201
0.999586822169021
0.9982052156711045
0.997268911151997
0.9976972862967906
0.997581588295905
0.9992401057465016
0.9996743626902866
1.0009284917620762
1.0022209745415058
1.0002037615961468
1.0001601889091711
1.001512128699608
1.001645939520514
1.003170394555206
1.0058511940226267
1.0105682332532302
1.0130563372926742
1.0123399524455061
1.0101245150640255
1.0058163452148008
0.9979690957777763
0.9907031390662238
0.9889050161435086
0.9889730578311152
0.989721470360302
0.9911582667265332
0.9927428440988441
0.9944264112485954
0.9942689478143756
0.9935953306631494
0.9923438985136243
0.991999269821454
0.9904258585779914
0.9863114814332562
0.9840484579621841
0.9804924892241312
0.9795388608688614
0.9771720611504349
0.9744036555421318
0.9700197657533426
0.9709214009689631
0.9708358565329992
0.9697365941203696
0.9639807298466571
0.96614483694951
0.9681170846697611
0.9689559744817168
0.9701795115114794
0.9711426172102613
0.9679164566359841
0.9674980107851422
0.9660461660761913
0.9624092378821217
0.9574424163473239
0.9542298435517943
0.9559757809099544
0.9576765794053365
0.9571170188518141
0.956458054587036
0.9539376447416356
0.9498730038032754
0.9446002533457786
0.9432260726417162
0.9430675516599095
0.9435370505192623
0.941936980736151
0.9396390954330218
0.9390897478923954
0.9398436055975037
0.9421297497858802
0.9475194086667614
0.9509867058403643
0.9560858648382093
0.9604020724368276
0.962423592603276
0.9647699270990469
0.9661404706584616
0.9674387776878537
0.9698917926833244
0.9729619741055262
0.97583747233957
0.9766169293380934
0.9769397860243013
0.9774937663974295
0.9763423769219041
0.9748243139175841
0.9737703310167796
0.9769023639838479
0.9829856464224094
0.9890041089488494
0.9910888052910103
0.9919288180734
0.9890962458949751
0.9895481234642678
0.9869229886085975
0.9864331271799022
0.983332345119804
0.9820647198384076
0.9794325835996323
0.9789386656953785
0.9791773840333131
0.9795132411755724
0.9800788330087329
0.981615160469093
0.9817691648576862
0.9857447285683706
0.9895778922524193
0.9935030006803124
0.9956088729482833
0.9958115812542598
0.9992066463069045
1.0026429317248935
1.0060213261345323
1.0077797362917926
1.0125342797183399
1.020253952676965
1.0230528537114958
1.0303237431719432
1.0361097099744228
1.0432968815330061
1.043552092421892
1.049523172193444
1.04534204443429
1.0504053264382756
1.055104577844941
1.0525774070763463
1.042974949004641
1.0335333298763534
1.0276863629818662
1.0250655433628109
1.0274678004075213
1.0354595518511511
1.0422019619683367
1.0447008874303507
1.0486657842335996
1.0454727853336117
1.03199714760893
1.024293362312955
1.0190906093425547
1.0130923877673956
1.0075093563826163
1.0040703566847629
1.000209152348028
1.001530708835107
1.0035320361416582
1.002848263957224
0.9998126066012228
0.9927579580460428
0.9840547160661237
0.9738635970563023
0.9674494346164145
0.9602507109627738
0.9531708103043354
0.9453568629243548
0.9366594422800832
0.9287129386690296
0.9235076810611602
0.9243102351850477
0.9280829431434104
0.9298698951905863
0.9298503387763613
0.9292416147926723
0.9273188184011009
0.9302457423323073
0.9452248965050775
0.9699146913359857
0.9899605224742042
1.0067785793607322
1.0277364207490143
1.0521699554743127
1.0834128396645637
1.1114126864394613
1.1293547843844447
1.141643112490959
1.1518582811792768
1.170787541499103
1.1896236193254994
1.208192464217205
1.2177990155415699
1.218776151981299
1.2153564654116777
1.2055092445940234
1.197103274637106
1.1919486642612065
1.1895737883968793
1.182697608999623
1.170550776930976
1.1562482585865141
1.1363903515927694
1.1179351463490272
1.10137169146075
1.0897441790065452
1.0752765087856213
1.0611644644129254
1.0518397128228534
1.0547914658889883
1.060766459790812
1.068261800067832
1.07127696531172
1.072641076801373
1.0678755311192207
1.064901952857063
1.0592211923517096
1.0511711191286117
1.0429445561708346
1.0359038477307254
1.0301826999912072
1.02479791364733
1.0239349553868455
1.0219270768888151
1.0186576136306948
1.0126256145016654
1.0023164879166229
0.9840009710956502
0.9639560087271424
0.9438267510517405
0.9229944966576522
0.902583026440037
0.8868896129540684
0.8713543205624877
0.8565873354768102
0.8447824050642562
0.8356940085035823
0.8270364934284984
0.8200580198026413
0.8153494386049698
0.8125179241770778
0.8092513964206265
0.8098534856174038
0.8186755647167268
0.8312879328988064
0.8465532740285435
0.8590216808156829
0.8628424319344309
0.861233570665899
0.860815968578331
0.8615631097761084
0.860806064013111
0.8624639881829388
0.8649216924611826
0.869066410540333
0.8755366277143655
0.9082596416878537
0.9115184429763977
0.9100114843017585
0.9042145526673597
0.8969834717279056
0.8892118409300372
0.8854181793201511
0.8793553503589876
0.8799556128984826
0.8865080151146256
0.9019491283330429
0.9233075144516728
0.9149393296078248
0.9176488342467898
0.9243616940824098
0.9251950663529133
0.9180924342410328
0.9221247984170705
0.9301039566657407
0.9431687385952727
0.9524852637438511
0.9640326369189939
0.97839512931697
0.9803460256959705
0.9775815542695816
0.9751000215345106
0.9719823382983069
0.9743906106935927
0.9745641128566267
0.9773608575592173
0.9793120348980636
0.9811289638869777
0.9804764426983336
0.9798772676244706
0.979638212898664
0.9798603265457108
0.9814638762627722
0.985221490597365
0.9861381713054247
0.9854126513265998
0.9837664089616137
0.9819934597840816
0.9830998698381772
0.9831303177642705
0.9839993140277131
0.9854566945283655
0.987096349555369
0.9872214595096629
0.9865199611011892
0.9873933738991858
0.9863811285208406
0.9780892418230299
0.9951328135485494
0.9964245454787908
0.9969857799692252
1.0009432235746676
1.0047510509298976
0.9994534237900854
0.9981684977735132
0.9960337346411365
0.9949033969768031
0.9971615076684284
0.9994526811929966
1.0003554356158713
0.9999361633646202
1.000946507541484
0.9993544414177532
1.0001210089050365
1.0017820408715732
1.0041938743741083
1.0058596123877204
1.005542573658466
1.0038040465227878
0.9999279040040103
0.9970077565735859
0.9941828935008609
0.992629325869386
0.9916171405915734
0.9893738128939105
0.9887046697399163
0.9877354684060431
0.9843824962913575
0.9803218012073119
0.9756430690685548
0.9714200600452695
0.9665534407663958
0.9610071311851972
0.9540181027877743
0.9441809726490498
0.931647089109087
0.9183324414840531
0.9065443491955587
0.8982423225085835
0.8938847800505407
0.8951593210172996
0.8986130715925789
0.9003358488816494
0.9017684965508088
0.8928622447098288
0.8753389879618367
0.8571226488770969
0.8482963075269051
0.8602517898946673
0.8620439824888383
0.8538013836255445
0.8361562105044559
0.8112812619931603
0.7846609042735245
0.7606055421109196
0.7509734546115285
0.7596608943418182
0.789170836811864
0.8260397841956003
0.8649145524699364
0.8895124989603168
0.909977806382631
0.9253890306875818
0.9330316438290488
0.9341201572073607
0.9362488136372827
0.9330504296897174
0.9211901239841018
0.9030752571733358
0.8799562111806573
0.8561518651398454
0.8336651497684522
0.8066759490292839
0.7789619247063123
0.7648111403656505
0.7488391896267576
0.7278034132352169
0.714060599783569
0.6882336318011875
0.6551869270265877
0.6223396897513229
0.6305104146247128
0.6810689715803345
0.800228545931141
0.9673517772101089
1.051173011080982
1.1810842798904018
1.4556591615626722
1.7106828288482319
1.7010988314647684
1.6323512698038478
1.5430095343449421
1.4642102512824016
1.4395587744289258
1.5404483255851253
1.8219738532188148
1.7540371981281722
1.8097902764586609
1.988558053526399
2.1020288470808506
2.0641376340915163
1.9640109868464888
1.8722372488642056
1.7695569838351943
1.678965128067935
1.6127731915918906
1.5516149903694385
1.4897749708683163
1.4325814524985032
1.389725924127475
1.3624017281062955
1.3434121888769401
1.3295324505327557
1.3124779559656312
1.2886572239335496
1.2693629301561502
1.2549932583313002
1.2431373387673146
1.2269187470919407
1.2105297140775066
1.1940486111524837
1.1778791045431425
1.159542478093839
1.147239830692505
1.1344058101043415
1.1198804735657972
1.1042939966710337
1.090278082421193
1.079855860406214
1.0721450717542675
1.0649720803073999
1.0569456288973118
1.051892759875464
1.0565120001432062
1.0523423935712453
1.048311447257953
1.045256036295958
1.0401310039386376
1.0340480841229012
1.0273441345811876
1.02028404098661
1.0146163513777655
1.0106437850881111
1.0098620690958497
1.0103467069128482
1.0096170342921524
1.0083246149874876
1.0059726547443926
1.0055450674560449
1.0054324004457778
1.00745936857761
1.00994325349483
1.0090343666784631
1.0045566189132533
0.9986400463844706
0.9957595419293586
0.9953412116367638
0.9982145474154757
0.9995087691475223
1.0002526465905963
1.0019291124873062
1.00444044651952
1.0069100009059182
1.0093101083288607
1.0094807730996764
1.008445810795111
1.00568586408663
1.000997821278432
0.9952156794079904
0.9918150209129017
0.988483668276447
0.9860351812236992
0.98760195153783
0.9885199882906016
0.9903382347046917
0.9904293961819338
0.988531353526848
0.985007735158918
0.981282118602023
0.9795951821532621
0.9787775151245909
0.9800895544400064
0.9813759961802012
0.9823851510709457
0.9821468416129439
0.9814900888324293
0.9783725277771823
0.97374347650352
0.9695260826894909
0.9665635871657621
0.9665568071200361
0.9667259396944711
0.9699015021736201
0.9714806382483103
0.9704572539988097
0.9675132331694628
0.9657798092807844
0.9639067034418297
0.962168910599429
0.9624321700600338
0.9631192642487693
0.9631097908621061
0.9673900872252884
0.9715972233769445
0.9738884195444797
0.9763431181183961
0.9787724981899519
0.9807716082760822
0.9831538859860832
0.98416970668904
0.984902122869584
0.9863906740337183
0.9878031710430055
0.9953402020175595
0.9996260502213588
1.0005221398388697
0.9970887545182321
0.9848003649502711
0.9761359161118013
0.9716971064639416
0.9676972573093992
0.9595574038679615
0.9515124189262575
0.9489609501737597
0.9533871580631049
0.9596983567938224
0.9728468629707496
0.9841457344618221
0.9847641250496527
0.9843192409172972
0.9815875282821053
0.9804513223632276
0.9843289364840628
0.9863726976982338
0.9918076573578241
0.9967615201562997
1.0010763884624847
1.0101168708268407
1.0163383129326962
1.0194833636135348
1.020883645758036
1.0249913577891896
1.0287858695941747
1.031803880753468
1.0312633622606546
1.0320146290023138
1.0346119979339408
1.0377660269579652
1.0372616168560282
1.025015181650348
1.0211893307343098
1.0220817828984095
1.0289042968441762
1.039351846868473
1.0501907456972186
1.0565658524017758
1.0540315463109462
1.0508411950188938
1.0527910082090857
1.0625919682040181
1.0823765389428066
1.104324935274848
1.1040266729754666
1.0993645716611022
1.0844707441195764
1.0633688304263786
1.0481637291262065
1.0420875849822333
1.0401128164134186
1.0363499860988135
1.0389257193106416
1.030680551675578
1.0227213047335806
1.0204209283469223
1.0226007847615894
1.0239681714623463
1.0113326982228055
0.9999079775000669
0.9998678302375972
0.9916507612386795
0.9917754333841132
0.9951730010133453
0.99432129548503
0.9944736311634138
0.9991787897994716
1.0009958831423615
1.0062657654606084
1.009675859151755
1.0109611843481028
1.014820874032571
1.0199688871980197
1.0244284721363264
1.0351235192691883
1.0457207540157591
1.0596814617500605
1.0775609508011899
1.1018483440155957
1.1338253932932805
1.1666616679499244
1.191689178615568
1.211233940196275
1.2304836113715838
1.2394140608470396
1.2423111489589722
1.2396648217463246
1.2380710915630293
1.2294459204411685
1.2077009716019895
1.193189814306731
1.1686691991376597
1.150663874901523
1.141719704918822
1.1262037106828882
1.1001146502905021
1.081936802028485
1.063680808849997
1.0536876202206988
1.048085657112318
1.047274561555125
1.0491359198190524
1.0482963777284413
1.0464849393697013
1.0502248136269539
1.0620106157295768
1.0625096400181584
1.069646362243241
1.076649498613422
1.0752710617644792
1.059404069332915
1.039237199817283
1.0079085634223017
0.9703126422210002
0.9389086553123961
0.9144280758829655
0.887712450996185
0.8631255767886293
0.8455136609457551
0.8283834577415994
0.8098739034651646
0.7949831006989844
0.7790252303764817
0.7692169471389794
0.761059573310461
0.7589901585636756
0.7744504913991842
0.8117314704917369
0.8714621124286683
0.9321621712464936
0.9897795832258438
1.0118022037292553
1.0047789501213833
0.9729451139449184
0.9376322911579116
0.9126635253099888
0.898389272360295
0.8950822113139055
0.9021701312592303
0.9174974178254408
0.9333544205627503
0.9384688419383177
0.9302665362345492
0.9164216115357484
0.9023299341102032
0.8914096795268084
0.8873603602844132
0.8858340095859756
0.8879512090755984
0.8930811191631366
0.9009897926596011
0.9064706147558497
0.9065898736806094
0.9069086259611642
0.9116142448251505
0.91560370432452
0.9167325995199168
0.9152232714374212
0.9119125076943972
0.9115641336237101
0.9106215139617793
0.9149247582879095
0.9175963183350535
0.9241522506815698
0.9323824267397322
0.9385694700581719
0.9436728811468229
0.9474573450575899
0.9499899826825189
0.9497477760353359
0.9502394335048243
0.9498479279937165
0.9528673476634032
0.9577476835053528
0.9623763464975729
0.9655071722027557
0.9670062424575444
0.9657827759618012
0.9686088509015335
0.9708661808002368
0.9741724215117941
0.9773008962256321
0.9786348873021171
0.9784220339975093
0.9799317713888072
0.9819088911399213
0.9837171175011833
0.984837530982454
0.9868220078969524
0.9882120316480929
0.9896511496605349
0.9922426050361495
0.9930839027306466
0.9946678028041959
0.9949664028833275
0.9959314047897415
0.9966483871391993
0.9968822789204299
0.9978371377030458
0.9993742870911113
0.9974504094958813
0.9964705248067286
0.9955992975463507
0.9983828432569585
1.0068013765390464
1.0206028222488037
1.0380090911400623
1.0577394851767399
1.0748708936373634
1.0837039150517762
1.0818610727279219
1.0690899065631472
1.0493892904954956
1.0270165245055416
1.013692181297607
1.0227837322039688
1.0363948350513157
1.0345900480621675
1.0257230764450227
1.0186242038991975
1.015440418273247
1.0070728338286008
0.9988218647423301
0.9938845601256099
0.9921064087031201
0.9906340857832692
0.9914198269673474
0.9935598963673996
0.9928118065960814
0.9898540061774461
0.9832765054918945
0.9737374878759701
0.9658174073960307
0.9602239864113926
0.9575055251352468
0.9570687885113586
0.959243055805263
0.9602641076547386
0.9598210996339511
0.9594221711384111
0.9568147035939778
0.9522778748632027
0.9510764104035206
0.9580267853510275
0.9559050456247286
0.9687171490354625
1.0173114508937062
1.0688716867422443
1.0864889042050505
1.0871061868117033
1.080054624711018
1.0626984972150504
1.0489673779402862
1.0430920123512444
1.039326702094977
1.0397054285258864
1.0393061603959906
1.0337055403861923
1.0247852827260753
1.0093210117557851
0.9909744210404416
0.9728861816612859
0.9709114878176638
0.9719667353804318
0.9765401172449366
0.9847944529220225
0.9939631841333273
0.9993534745798869
1.004566369647764
1.0110830606765122
1.0191228142487239
1.0234054386025149
1.0227693425924678
1.0222372137866413
1.024031824063269
1.0272201057201065
1.0305692859702693
1.035013985118333
1.0382365364503967
1.0385206339243924
1.0318812528092982
1.0244175002375817
1.0195619724075005
1.014827832553493
1.0122472184863194
1.0153139583863313
1.0241948751802412
1.0305436209065075
1.0367135181718092
1.0408476935535056
1.0400190857848697
1.0373127124601134
1.0292775302698394
1.0199370497404905
1.0087593834015305
0.9965084783575215
0.9777955991609324
0.9642002668601107
0.9556498757607216
0.9546191524012463
0.9582996857814383
0.9647478346493865
0.9730384497557668
0.9821534796016965
0.9937798626227928
1.0059947888466914
1.0193811704953908
1.0272622261244768
1.0315504668094702
1.0346041367139138
1.0352731725609832
1.0335590413359694
1.0277365587400622
1.0229170078260248
1.0199245066554194
1.0198795281005795
1.02281352608331
1.0249035688877821
1.025699432375652
1.0284696101239694
1.0330981986247798
1.0372969098346234
1.0405977428503994
1.0453998370479392
1.0545734241422862
1.0596533911013415
1.059750958977103
1.060508277030796
1.0688487862348233
1.076996375653937
1.0804186322194793
1.0790296136079762
1.0672367071384001
1.0505879767622306
1.035743651610216
1.0276634704021828
1.0247696833755315
1.0192031913564092
1.0115824277052219
1.0005248319989366
0.9896719904657644
0.9785575728101024
0.9700934172860556
0.9646955884159506
0.9614053618678522
0.9609769417565488
0.9637706854498436
0.9691632994003592
0.9737845056932063
0.9786982406270632
0.9778993374001806
0.9719263295287537
0.9622735651313225
0.9505196766735179
0.9449799320975975
0.9552622596609759
0.9744834091845394
0.9817551337962441
0.9864174981315579
0.9903672746379439
0.9908417734584666
0.9872911249173538
0.9909132817393086
0.9942915664583832
0.995560196565653
0.9961388284146572
0.9897037445272118
0.9837508436468011
0.9819890196167967
0.978075553534213
0.971621706634365
0.9669019424226287
0.9647274960861317
0.9612727126480786
0.957994503138687
0.9546629960893493
0.9503233809644825
0.9415572352571414
0.9319108127030034
0.9231341011138816
0.917379308177889
0.9155198025260042
0.911123694524349
0.9006537925298148
0.8852447098063702
0.8668696074732342
0.8541135984310195
0.8496967620290772
0.8487159312121797
0.8434329890022688
0.8339858723417112
0.8203561091317814
0.8073678315003214
0.8068504824830643
0.8164171547774931
0.8315435228777939
0.8451892549718241
0.8464831316762308
0.8352895736657145
0.8291790865292072
0.8411832840956108
0.8627106006425127
0.882881309783366
0.8995733532643143
0.8967697357853353
0.8738371637028023
0.8435766350565802
0.8061232068503812
0.7769291571059133
0.7625167128532714
0.7497688412541674
0.7392128467612349
0.7152191353775676
0.7034012303460432
0.6886721699505611
0.6716424445425665
0.653188991123208
0.6465279224278406
0.6397053529735496
0.6259877594972472
0.6270861930899495
0.6498239756439306
0.7058461890936453
0.7902105941485525
0.9336349570818142
1.069810521161857
1.2381062780834584
1.4993475664595808
1.547574410514178
1.4802336349769585
1.397448187692959
1.402264302886646
1.4667275685395138
1.5708506747498134
1.5899799897907914
1.632331538662821
1.765800427531738
1.8329859625142135
1.8262664260737056
1.7799436937369928
1.728347359312824
1.6700438902473933
1.608219193118768
1.5430995411656143
1.4713315022338598
1.406198956515886
1.353269461757076
1.3122776638139888
1.2752743172789325
1.2452743877294894
1.2155818641093887
1.1918562324808317
1.1805798047225198
1.1760096738390977
1.172621210817498
1.1686138066044918
1.1652059436212847
1.1603936033816546
1.1552133735109538
1.1528353317844322
1.1452979224462547
1.1342667102999433
1.1216446028137481
1.100681196812525
1.0811917052859443
1.0674594183613344
1.0599446469996416
1.054498860832359
1.0492979940406508
1.0443615843491383
1.0411135524663504
1.0369444326154802
1.0327266053772926
1.0288674339049277
1.0272642055467065
1.0271261489052874
1.0255325402807136
1.0218073302127038
1.0179105080431738
1.0145715010142695
1.0107919933536473
1.00659035752467
1.0019169345711598
0.9981661794495795
0.9960264504309874
0.9942433933490329
0.9910661767936222
0.9893858556581384
0.9892503909153199
0.9905275424782727
0.9902882880245328
0.9883781754929472
0.987229504446134
0.9854732437120256
0.9850224634452683
0.9864480805879303
0.9888622504126302
0.9901134144246019
0.9901320708943285
0.990136637762721
0.9880296405332505
0.9856568360796207
0.9847562582905255
0.9813519936798806
0.977713767324925
0.9756610632053387
0.975075868035507
0.9743180511490778
0.9721360704215359
0.9717261544058812
0.969994629408497
0.9684510462794266
0.9660719761044748
0.9661109696702571
0.9660973523678865
0.9648026436316162
0.9640652371869884
0.9625187956880243
0.9628072669779896
0.9635224706847371
0.9641952239832932
0.9656960525964519
0.965659525601749
0.9650328773566311
0.965629721957722
0.9636025955047923
0.9617894301817155
0.9611101213720713
0.9609030761162886
0.9601185778456759
0.9557982210074454
0.9516715014421745
0.9501512919002267
0.9481725034157897
0.9438595216674757
0.9370763378387224
0.9300141459533894
0.9241748877032164
0.9253882857667644
0.9304503828029211
0.9353904244333155
0.9398507181746237
0.9420321964820583
0.9435944393541622
0.9437422248849626
0.9429404763937039
0.9427331972952195
0.9419147874706252
0.9447727104697878
0.9506843704715109
0.956270959379082
0.9599247123568603
0.958817437720731
0.9547734558494739
0.9549352020922341
0.9573846211074231
0.963154257888919
0.9681506375032742
0.9771271020107855
0.9848685399189318
0.9815796432599101
0.9734676780796222
0.9809262707941965
0.9912373144443368
0.997611074069824
1.0060467994771847
1.0140970007372372
1.021740400139775
1.0261622097858258
1.023501570718617
1.0198979994815938
1.0296263168558188
1.0407258231713075
1.0535653152664415
1.068823573592551
1.0823006938101765
1.096559915234896
1.1052262571319615
1.1093380911346131
1.105846231511194
1.1056642690889307
1.1085857055636756
1.1129080880477813
1.1152096993519838
1.1153232844058072
1.1101425754200172
1.0975870120267748
1.0833889189396986
1.0780819440405809
1.0716636328463014
1.0528916352482456
1.0317247680113364
1.0138317700677322
0.9889374813865612
0.9688849777781461
0.9439366836310401
0.9204565452229017
0.8984837210025696
0.8789534942631881
0.8713638845031507
0.8746804725155038
0.8765457297462578
0.8737361174351276
0.8682960118834998
0.864558096324794
0.8679522297102685
0.8768427919587378
0.882609981110836
0.887942506656815
0.8967087672343037
0.9161920385947777
0.9345826859530889
0.946604476727087
0.9552951602770111
0.9599266476794113
0.9608152706597285
0.9667913808568294
0.9793035864685105
0.9869232974353316
0.9932226237614927
0.9973172009167134
0.9983933278042681
1.0037730121719506
1.0092216171206552
1.01882446148201
1.037404604378214
1.052360031837425
1.0696650812031276
1.0887395885378799
1.1045579406760593
1.1033349410273419
1.1002679939167876
1.0955100254876613
1.0917508759650543
1.0905703028013791
1.0983660875446262
1.1026439549883411
1.1101692579553835
1.1036312721993538
1.083940389864717
1.0621294582351748
1.039127240319546
1.0309139751626406
1.034341467889471
1.0496766688051933
1.0608448200344405
1.0665967947586616
1.065666200736712
1.0526543805017727
1.0392288943449417
1.0318065307303166
1.0296048651673788
1.0311988737212483
1.0346144173481133
1.0370185902017228
1.0423853058422976
1.0489681320353779
1.056105326622908
1.0617344325353064
1.0654177870776327
1.067151559227082
1.0706030211879536
1.071671662337861
1.0726666691575513
1.076205222146012
1.0832957100556937
1.0855315032248745
1.0909828573814098
1.0918823179089563
1.0879448758653856
1.0833146631581898
1.0780488001113322
1.0717978963333374
1.0641790316274518
1.0580016090870528
1.0514985023373293
1.0443587710921702
1.033349002816886
1.0217147068201864
1.007254699274819
0.9926641916759784
0.9767701793141778
0.9613435669783325
0.9466964216501451
0.9329810988488956
0.9217456470610794
0.9119482987223647
0.9032838027533718
0.8952901204718753
0.8879981571403
0.8813982042635103
0.8761848744264431
0.8715120871334876
0.8673025011020457
0.8620609086316907
0.855326829709309
0.847197960058955
0.8397221501847718
0.8352694718833508
0.8346097636268929
0.8382726157764565
0.839224968017302
0.8345214139147434
0.8281226312734963
0.8213229941021774
0.815338649350874
0.8134085035626918
0.8142771991249874
0.8131690810608884
0.8132121125649568
0.814732259813082
0.8119544760359492
0.8182532664116383
0.8428006768721754
0.8807577182362298
0.9271252101622007
0.9686953382810928
1.030194158502142
1.1131152282088734
1.1704977860550692
1.1519453721601034
1.1062486238687426
1.040187842706765
0.9820190490929922
0.9535494534176525
0.9656240578961751
0.9838957841226
1.0138016434094572
1.058391240064943
1.0851207960598348
1.079978345430333
1.062102772565644
1.032193329779905
0.9982625937712185
0.9809972658087532
0.9760908751283218
0.9841180225146641
0.9996797021714773
1.0134471498773516
1.0205898165605085
1.018067597408787
1.0083678020157913
1.0028834160267892
1.0010517381318802
1.0001023895430472
1.0008323933824699
1.0045751211867437
1.0061972203413918
1.0043138444966682
1.0041894189067373
1.0026640398321212
0.9998485709234991
0.9971473878884741
0.993740944261914
0.9902188498523642
0.986520140150536
0.9827913129290606
0.9796986333621771
0.9786467658473197
0.980511482230452
0.9855111736502896
0.9917845985572384
0.9977719100989982
1.0075533557343535
1.0164699201064513
1.025600553695311
1.0332828124867592
1.0392034854252792
1.0494397200529
1.0613050227846166
1.0721686783249458
1.0808961821433039
1.0906340024325043
1.098752367230857
1.1099198292907027
1.1120615061774974
1.101019901637837
1.0926129564223444
1.083870294591295
1.0735831868777337
1.0623208353618125
1.0559495655000202
1.049900553228109
1.0448917300423208
1.0374342349105066
1.025197334793839
1.0106324693468975
0.9951894971736557
0.9830974425217058
0.9762608903307174
0.9739404007328414
0.975378965982819
0.9771881381789128
0.9800428624397057
0.9849231721612739
0.9881342091030006
0.9878239890137177
0.9872868050823271
0.9850296220095973
0.9816046805533191
0.9788331426372188
0.979723753302718
0.9837995453156935
0.989306355188782
0.9890282253065689
0.980498283059525
0.9667009792252856
0.9526399967369177
0.9446311473664216
0.9480486337865752
0.964265139988693
0.9804412814940239
0.9970095408727402
0.999163642480402
0.9933540616280435
1.001211981799723
1.0102514125057913
1.0223678520080923
1.024939976405089
1.0097143834413567
0.9887803069680803
0.9735346381541177
0.9683832778210459
0.9725394416350049
0.9828485965482071
0.9985479058474553
1.011928563060063
1.0192322154932851
1.0164404354527017
1.0058520119752687
0.9945927381593352
0.9888720994704414
0.9892120179584242
0.991963275027368
0.9947898606574056
0.9983487038176186
1.003033886021963
1.0066826825284385
1.0075936209181326
1.007303049174375
1.0069733394876226
1.0036903957268508
0.998917517020634
0.9964199505266844
0.9920483386850609
0.9852920095397031
0.9768017957663979
0.9676163036991091
0.9587768828591827
0.9512818533500416
0.9426273535774332
0.9319529085714984
0.9189433617998636
0.9091731367929313
0.9077533296757481
0.9104086735562261
0.916511732910146
0.9202158972913828
0.9186123490405941
0.9152565319568162
0.9119970353780573
0.904081822523141
0.8966086677273217
0.8894514219476165
0.8829605612560432
0.8723109876756889
0.8585787653807475
0.8400815971135746
0.8180851996642452
0.7983075843599772
0.785292528449716
0.777021233942889
0.7761188052477308
0.7808443349240201
0.7901408907354491
0.8087228650721059
0.8345617494816285
0.8644341150649191
0.8984527199655455
0.9226530728550468
0.9242281803309733
0.9148442432184059
0.9051247167772541
0.8919253403308851
0.8755864279483457
0.8607777870263772
0.8551937599116624
0.8472546243813796
0.8207269556013285
0.773450796757555
0.7213973731872507
0.6747338423841661
0.6454074418660185
0.6283040526823679
0.6267667288308219
0.6457845641950987
0.6745785648363994
0.7106316879828932
0.7156573969015722
0.7262111571962793
0.796255783010783
0.9224064809028846
0.9941627238363953
1.080565477719099
1.2611599192637728
1.4224705671159106
1.4647437726198993
1.4395775187565207
1.3791873583032759
1.3874284882018604
1.4660738703002119
1.6378191521904342
1.962637768097952
2.152769926772741
2.4181691850593094
2.2737514945788977
2.1750272981754355
2.1294607065494344
2.0610183103524853
1.9921681338079595
1.935878962928031
1.862693558221823
1.7651279022109108
1.6748300040003523
1.6013375760273083
1.5502849004752688
1.5210822490781752
1.4976513170212746
1.477935302374927
1.4596862883242567
1.4443888737600483
1.434000513614109
1.4192622588576886
1.3950586489296624
1.3663334584738005
1.3316819152845938
1.2952942626743136
1.2603977287179728
1.223412072010172
1.1901271792102794
1.1618355467986212
1.1392579335064732
1.1206612184237439
1.105823146427723
1.092657736937261
1.080515185629704
1.0738901069717286
1.0720583227364848
1.0721466832588145
1.0710949978917723
1.0691068119059695
1.0651850424970923
1.0595864493732277
1.0520853826728593
1.0428969495401283
1.032492808567
1.0230566244259445
1.0176073620918866
1.0138974045967533
1.0101346001104874
1.008018374573056
1.0043054119273465
1.0031627704880153
1.004719849976875
1.005901771194807
1.0088495648426643
1.0081428699657666
1.0049171322884942
1.0044391149749643
1.0083564203886637
1.0135667650488638
1.0134308443881168
1.0129240531281063
1.0153621608014705
1.0175331456124161
1.0218906438214672
1.0249810771512837
1.0269665591578754
1.0303898663203992
1.0307230276296926
1.0315591769407502
1.0318815525508833
1.031099417394049
1.0259504591389232
1.0203577266575203
1.0129154734010668
1.005285081487277
1.0001925364160238
0.9955553840105206
0.9911583919380753
0.9817838369857845
0.9722336699962018
0.966225621075051
0.9637581158335717
0.9619286446905324
0.961018114367162
0.9605095099994796
0.9652826291123779
0.9695671596796113
0.9721715458555565
0.9757463992554818
0.9738814931820495
0.9714977941924595
0.9675043532162723
0.96317964894454
0.9584194277197553
0.9529720931918064
0.9457104414405517
0.9421902078572978
0.9431005784888593
0.9467154052763326
0.9467144422001272
0.9451933345360501
0.9444727378499476
0.9450196545551407
0.9500015026680445
0.9576859413542792
0.9628907570873452
0.9624365104653119
0.9584989141970204
0.9516273971489357
0.9472868728097932
0.9487715844201964
0.9501281145618456
0.9526337527799478
0.9580473465088569
0.9662802312564512
0.9765450481582838
0.9877371877238403
0.9965321619264274
1.0029957372722764
1.0038557094400544
1.0033723660946938
1.0074575684202713
1.017748989155214
1.0287167613658517
1.035270128262758
1.0396767156355402
1.0401766996788333
1.0379069395278955
1.0327252870546284
1.030073595052513
1.031948312225318
1.0391030756747883
1.0511673540866249
1.0693950565930381
1.0871582424630377
1.1100118313735958
1.1310433593931764
1.1460987110714773
1.1655874904829124
1.1865015826543301
1.196730566062822
1.1831893483268552
1.1457809966231773
1.0984422148967719
1.0553638916627668
1.0191982318445918
1.000724662632692
1.0119144039376442
1.0334973689286349
1.0428703929776737
1.0412568089316603
1.04004116458904
1.0319138142198176
1.0140243702008247
1.0058215426295096
0.9954823334879137
0.9720988034520649
0.930431255734269
0.8884187516906039
0.8610247899638611
0.8433367454346719
0.8214532643120832
0.7933546955245991
0.7619525230429711
0.7350768057545181
0.7154584137664218
0.7049557545590234
0.7001269529774419
0.7004269866970854
0.7057185605656197
0.7191843192179577
0.7407800323334606
0.7667125315468095
0.7930383771590315
0.815255139981825
0.8283740291957046
0.8381016141701831
0.852769680967608
0.8786185549568729
0.9180440961877427
0.9685460641123665
1.0257103422056424
1.0792047939648586
1.1294941322650653
1.180337739834073
1.2294125852103213
1.2744836930650882
1.318953864479237
1.3614884287774265
1.400024338180134
1.4225152210585457
1.4245831965853506
1.4129629937017663
1.3948372514053746
1.3744907393547685
1.3502329613226751
1.3245693330511612
1.302251124883187
1.2805510396096365
1.2567248148099723
1.2339497214196713
1.2099837624392562
1.1864691739355195
1.1649886732555743
1.1443062726413353
1.129227388944817
1.1122240866249333
1.1123628850961997
1.1009087663186001
1.0915668588941043
1.0873972100859266
1.0862659202807827
1.0944496120479563
1.1028306908739094
1.100521056007752
1.091436807587943
1.0758180396731627
1.058625752563415
1.0397457699875707
1.0252302968011975
1.0136222879615444
1.002947664351539
0.9920279380097334
0.9802688879497157
0.9684258874400115
0.955550243802485
0.9401063336711055
0.9233915768137982
0.9048684074584539
0.8881064286983699
0.8723537126702235
0.8594043709250297
0.8478381743227192
0.8368254322530522
0.8233952004103441
0.8034300099126684
0.7822205021748836
0.7655143661293301
0.7580455286681503
0.761164259097032
0.7723727833734874
0.7855304766299703
0.8015801533001295
0.8068513449271378
0.8028984503190005
0.7980801663177648
0.7958065604082211
0.8031319940380294
0.8180936006894778
0.7660921118678378
0.7917351074559323
0.8136055990781664
0.8270440559343203
0.8422855469788589
0.8564712793640896
0.8674738787057865
0.8767232255540782
0.8816321834977576
0.8852440868706014
0.8876478790768961
0.8915528439800802
0.8912494094407084
0.886104192518892
0.879056166709865
0.8662269041831945
0.8530341033328427
0.8522057657386385
0.8640845435179777
0.8833424032724743
0.9118486415442528
0.9372878474662621
0.9482772307580052
0.9513258089515474
0.9466317912134256
0.9432099192010511
0.944702287346631
0.9490366219108236
0.9566641558134621
0.9666514807522297
0.9772051962860157
0.9821147210709239
0.9850859738978225
0.9906098796768016
0.9956335679669611
0.9971800215683082
1.0000287397094896
1.0033929192763078
1.0070461501564114
1.010171236926215
1.0156505638586706
1.0247645233028724
1.0386770385046722
1.0513158257206023
1.0605898380604952
1.0663598170513968
1.0729833420324217
1.0722180963133252
1.066495680236061
1.0534425415770832
1.0380954722713782
1.0215467545527046
1.0119723348232839
1.0132795138737825
1.0171641413957377
1.0167300157526016
1.01085525631868
0.9986511891848916
0.9854219477094461
0.9752047384120174
0.9678402320884679
0.9657431137304563
0.9687841648209973
0.9736513175908249
0.9740117412438867
0.9693840112269723
0.9590936828777527
0.9508410785248604
0.9474039675786265
0.948197881386887
0.9526267779591229
0.9578974594791357
0.9617343263170368
0.9622146221050314
0.9616615422952719
0.960845554581189
0.9591516214650855
0.9569766295575818
0.9573000474482847
0.9597586296717999
0.9609149145418104
0.9542957550887148
0.937452341466663
0.9321598463030526
0.9461508813809193
0.9771849759889396
1.015355867278405
1.0450911556896438
1.0503368438129146
1.0397949727881908
1.0222838257661007
1.0084927497188436
1.0032380749628924
1.0008891237129338
1.0045966773134458
1.0061256779426222
1.0015947071623383
0.990467313813112
0.9824192369180785
0.9824137513546067
0.9858646340535128
0.9930526120686731
0.9982559640537318
0.9966401977093611
0.9938607949975018
0.9919344091429729
0.9915505079789649
0.992918753799065
0.9925322106401923
0.9922047119001912
0.992315682385036
0.9921618054660013
0.9922239509592349
0.9914334872919439
0.9886171756550894
0.986648546382657
0.986711393114513
0.9871495060066149
0.9891593821324208
0.9898444874179241
0.9897344345574818
0.9889654123940246
0.9887025597883632
0.988384604789261
0.988228331339898
0.9882116224371162
0.9878616776770058
0.9871793022289015
0.9876637691400272
0.9884434202127824
0.9878260346231905
0.9871253369483022
0.9859151357490291
0.9833502520306653
0.9811998459489625
0.9804446412515566
0.9805892312972752
0.9800221720208581
0.9773691179514109
0.9740213308577292
0.968902037528598
0.9633219249041559
0.9590490552607364
0.9554672180577289
0.9521500379576332
0.9485793924604949
0.9442715475154504
0.9407686821891933
0.933429457308121
0.9269981214454696
0.9281861546786415
0.9373089870662283
0.9441135857328923
0.9416094961949039
0.9305293605107772
0.91136525980547
0.889380139721487
0.8689158119678485
0.8588727820605295
0.8558734506533519
0.8453638819251377
0.8203006494368396
0.7850040624658677
0.7505971460432207
0.7319692589854004
0.7402183208982538
0.7654174702699088
0.788658834371777
0.799389253359075
0.7917964125621613
0.7794033851998438
0.7684273352141855
0.7719549474464187
0.7767949088169089
0.7768641379081394
0.7644016275058544
0.7462569070477074
0.7475365356671507
0.7267927933033304
0.7133120820692098
0.7025280121352413
0.6953885920320768
0.6807755997619777
0.6679821107070384
0.670651982539782
0.6898506980885535
0.756859429209745
0.9743887004143711
1.1895027459713086
1.3212496616022305
1.6692528122932986
2.02698322723418
1.9804431378161154
1.9076193632536045
1.8033305697087143
1.6749546636667654
1.5606366564760576
1.6533199339472278
1.8404925162687358
2.021691907914596
1.971256570888149
2.1380244958706265
2.4342910546464833
2.4732178980281754
2.323392908926213
2.2337784722444156
2.1423526528501764
2.0382745807392713
1.9499385863267298
1.8693305944782275
1.7839619736680539
1.7053047781499289
1.6241392948081061
1.5604338736341221
1.5208506325832607
1.4939692198232388
1.4735528564947022
1.449210608086868
1.4225688202337603
1.39295151515914
1.356303671699215
1.3221633296772834
1.298359840633181
1.280106802487395
1.2617537363748383
1.2424698410228385
1.2177246411204008
1.1914327035506052
1.1652613171458288
1.143454457901999
1.1280420866748275
1.1172914988691756
1.1059000337862346
1.093767558021522
1.083601038484845
1.0759992167879953
1.070215235664998
1.0646747176803772
1.0602303246974818
1.0593989022563244
1.0558220857006075
1.049147361741446
1.0413506107983381
1.0343317029352257
1.0269377209740054
1.0204483656728423
1.0146626617837817
1.0123254641014692
1.0100704794282305
1.0082282578080397
1.0073872777549076
1.0065393997227747
1.00592695252007
1.005127993712687
1.0025018339958047
1.0028494846252263
1.0043730540675968
1.0063064389542014
1.006809751156315
1.0076454072786527
1.0066876269296594
1.005488145539089
1.0038624678124977
1.002259119230685
1.0003487100114983
0.9984545676807497
0.996521643968617
0.9970258909661525
0.9965112845410182
0.9955719850226589
0.9935336730764529
0.9928079398448303
0.9919392413629889
0.9902275822014789
0.9891882727065096
0.9889347491315427
0.9878761474762441
0.985295491020252
0.9826255126850079
0.9782695188559163
0.9749397127403917
0.9733312929037421
0.9705691305026997
0.9679914771506514
0.9650655310145306
0.9634773832347089
0.9621858731907698
0.9634835615068243
0.966611398958204
0.9675920060099742
0.9686209708276688
0.9690644605693748
0.9679174726961816
0.9666267534017918
0.9652231533637244
0.9652395523821611
0.9607688366334295
0.955938723564485
0.9558122996588502
0.9565798789161977
0.9623669551417501
0.9652002858369446
0.9628449648028442
0.9620266773413703
0.9626411464964074
0.9642009476304308
0.9634593056701513
0.9624719643666911
0.9619520916286345
0.9585318548177721
0.9545728734663818
0.9512092877243545
0.9487012245767649
0.9482536628825943
0.9519518084090439
0.9587695911284823
0.9674714826849216
0.9799199264728482
0.9879175867494119
0.9946525655945885
1.0030737515452322
1.0095426667281082
1.0110751533424238
1.0112949996953942
1.0190668868574426
1.021542768212504
1.0274283377239632
1.030896383302479
1.033365933446735
1.0315715883099181
1.028558285745118
1.0411075886026493
1.0630087778806074
1.0865844096777586
1.1042744853180937
1.10976345640338
1.1140279042131243
1.1104471801665434
1.1152864828007945
1.1316714157025451
1.157220103001057
1.1673587703047401
1.162601817234133
1.1375047156040372
1.108091454564436
1.0795379149574593
1.048968025439664
1.020947127251133
1.0013499495047513
0.9942325945223793
0.9921137992756254
0.9838757651852261
0.9714731277583478
0.9594269196309857
0.9475737101518753
0.9337927401399163
0.9225100050257062
0.9126660615623593
0.9090134422558264
0.9042752937831943
0.9004244388181626
0.8964461529634378
0.8900633607486604
0.8847140907247013
0.8843225635778864
0.8860753113290165
0.8889219816941542
0.8952395614318207
0.8928556113309708
0.8939982614097262
0.9064769897023424
0.9275506951120669
0.9472459418625959
0.9691342048657738
0.9836932227052496
0.9969158124085261
1.0152056781917695
1.0338569080315123
1.0529401425044567
1.0732283565297875
1.0936461025487876
1.1055179565680187
1.1148867963514064
1.1207624484785474
1.124103237076562
1.122378631090781
1.129016322876812
1.1278194568405324
1.1305822176322802
1.1263852442812243
1.1176971476628867
1.1061209547670168
1.094498224662727
1.084268428601362
1.0684253946313853
1.0546822481732525
1.0458567430418504
1.039820448484099
1.0319122731748298
1.0215930963767772
1.0094013167946856
0.9922384270458182
0.9727247461461286
0.9519674405617722
0.9327194141966366
0.9168616118253055
0.9003239141011932
0.8837867962620233
0.8681348845209588
0.8542323462057219
0.8416688799197011
0.8331686567757253
0.8306067404819231
0.8287103889862176
0.8244424219633634
0.8171002037600709
0.8098883933685458
0.8023468322400963
0.8034506471937973
0.8086985066683708
0.8137240738015145
0.8134295600964561
0.8176389726438916
0.8258157073172381
0.8330783428348932
0.8377887342913888
0.8424716538087117
0.8503218170366825
0.8573827353122799
0.8658298985651828
0.8752087641517302
0.8829100504626375
0.8906716047381188
0.9010682159230119
0.9115700072434301
0.9204651577873761
0.9304605065767223
0.9451616480887755
0.9607723286276005
0.9747008520331868
0.9869220378788366
0.9984850657187945
1.0091818037059204
1.0216099051658416
1.032989188277279
1.042281679263723
1.0507579034335424
1.0574616798666097
1.061003684602161
1.059896146582401
1.0546042314614803
1.0482948924406097
1.0442665447265815
1.036564178391285
1.0292771455563487
1.024276541080335
1.0132495888207738
1.0017655888153885
0.9975242139063039
1.0178549354961979
1.0208240424277077
1.0183388375744167
1.0152233148017678
1.0117940504242073
1.0093056510787717
1.0080517676275549
1.0072840544564257
1.0079016325257084
1.0095697960397794
1.0089727231285233
1.0015126154249958
0.9926159474995555
0.9946719516533872
1.0023408760541275
1.0075354332329207
1.0091472865017754
1.008159580923437
1.0070120772938949
1.0082806792463879
1.0100781642419185
1.0122159869817524
1.01496034747523
1.0172661766697948
1.0204324381307233
1.0156697971604212
1.0072909584853258
0.9956862468551125
0.9815257543775942
0.9652092551721485
0.9517128166365908
0.9451947609815202
0.9420450723953642
0.941582257426168
0.9463138897425337
0.9540521214070462
0.957154899044577
0.9528348665860016
0.9461487161077445
0.9349129940238601
0.9256477398458174
0.922072586035097
0.9244708010194167
0.9303791814416921
0.9385339257927608
0.9487027830514606
0.9596412322892452
0.9656365372202772
0.963464113760238
0.9568540682839068
0.9525388944650186
0.9461821645178262
0.9359799706995897
0.9251052803800746
0.9166452067060131
0.9126157892783913
0.9148291884021205
0.9192821914905906
0.9273164170249708
0.9384492947304005
0.9474643199355562
0.9518444289640232
0.956757541042832
0.9512646622704868
0.9459538758240046
0.9426281290674293
0.942752940908703
0.9408599006796492
0.936767775802829
0.9346510680032524
0.9415473588340748
0.9585258429550322
0.9769852297416729
0.992326606309394
1.0051720495262597
1.0129472556558907
1.0206239179815937
1.0283494126755521
1.0321669632103696
1.0360202329451003
1.0436516727605138
1.0563956382002626
1.0683181112122815
1.0715716767147183
1.0611399192912716
1.0432032185672582
1.02045787266177
0.9999184647863634
0.9835137215992077
0.9703457653599656
0.9650030193389014
0.964792270985948
0.965702948625707
0.9689620708996821
0.970401419227446
0.9714353278438252
0.9717743061086002
0.9690044607923478
0.9638898430927612
0.9612899358888115
0.9657417928517269
0.9733500574918352
0.9841704593484838
0.9910161432435717
0.9938302333688576
0.9939066028020231
0.9840637630152511
0.9643843058473132
0.9514529953859987
0.9433600218997935
0.9607935314609687
1.006818157306669
1.0427955455398423
1.0591724165776595
1.0628996750014572
1.0632319104477859
1.048528290995367
1.0241561276656392
0.999879834225544
0.9792712691210655
0.9674876713230259
0.962763840488194
0.9625788449854522
0.963019868244426
0.9608748158392294
0.9633320459989781
0.9587186093342226
0.9571412468613677
0.9661805184708254
0.9720400828045576
0.9764574995637066
0.9814308532748183
0.991596996831083
1.0029911656505979
1.0114794799090092
1.0143819744320717
1.011417604458749
1.006754687019629
1.0001800353118848
0.993093314929251
0.9881964566969021
0.9851762647431063
0.9842500308782792
0.9871137511373742
0.9875787101559961
0.9841817917589405
0.9779677151189481
0.9715602944761016
0.9666209848695547
0.9652455735916835
0.964441812651803
0.9639313649015834
0.9641638777889646
0.9640688318797008
0.9633553165209282
0.9608644873423148
0.954876095650902
0.9478222057351615
0.9397246497816897
0.9314122522080903
0.9248398496941298
0.9186076436494126
0.9134867485416812
0.9095437519163049
0.9025789535174306
0.8912997347001486
0.8750126533459899
0.8601757626622972
0.8509245257907755
0.8476395273897185
0.8463326670622627
0.840758996663611
0.8291778119656203
0.8138418653744455
0.7989293854322493
0.7861787275838622
0.7809190290901971
0.7845957992209279
0.7894130735189183
0.7890961433243819
0.7810954429766755
0.7677226998079907
0.7566220189597708
0.7512157245961381
0.7460863655293696
0.7408937271360501
0.7341250514162138
0.736257232085719
0.7388681313361961
0.7242733950887984
0.704561505316383
0.6817553438597328
0.6556950757140609
0.6395102519581738
0.6321938214361015
0.6321374943661419
0.6320474828687087
0.6267655290161347
0.6193879809107418
0.6175193491753159
0.6111394851091091
0.6448066661523898
0.806292774425044
0.9920847391101796
0.990335933847705
1.1992009647714232
1.5253270619053445
1.5863149842930517
1.4932611534252163
1.4090941398158405
1.3290612586068677
1.3338459115018073
1.4560093844351585
1.8938268653144092
1.920958810923009
2.2474927482494915
2.4346468927477
2.3435346571324924
2.3377578820802287
2.3166639885526967
2.2609585392837404
2.210600775699298
2.166885017469893
2.1043116859975615
2.00765790271821
1.9221685085038729
1.8548878455020612
1.7913718128059686
1.7393257803753988
1.701646660688074
1.6688490754383338
1.6289637931806553
1.5725396817000281
1.5196389026335277
1.4641655197280075
1.4121454274800223
1.3587035836034416
1.308401499216088
1.2659904033829317
1.2326917259514765
1.2096470403034798
1.1858618087871042
1.1685458586382607
1.1515044823581055
1.1399077501396118
1.1323928691144174
1.1265027888095258
1.1226059346656678
1.118262983830082
1.1166637270168411
1.11295456178644
1.1056077403014786
1.0962699745695679
1.0855022156453267
1.0772240648972025
1.0712427123469153
1.0637253262725808
1.0556161135536757
1.0452617979245666
1.0351097048921816
1.0278243390090915
1.0241473385676707
1.02417268786558
1.0224407513054574
1.0187779269225214
1.0144251629217214
1.0110445066936304
1.008585638013736
1.007410130989893
1.0035439714681862
1.0000733638453039
0.9967565204292973
0.9942332942076515
0.9939976827623959
0.9949331486343641
0.99411283804727
0.9915240870975633
0.9894184914902749
0.9871005992926282
0.9855099094975237
0.9861994321001859
0.9880196784975811
0.989479225762929
0.9888774881591865
0.9905494059487558
0.9885710405329925
0.9885343546594153
0.9881314250400496
0.9865525333957877
0.9851100598972843
0.9845613319391343
0.9844586885729711
0.9828038677709343
0.980729463115022
0.9804480928080946
0.9811328815567777
0.9809542108285018
0.9801541262163901
0.9810718841530064
0.9815378257695421
0.9818842660862821
0.9829284256869681
0.9836342676210624
0.9833068480661705
0.9834460027925046
0.9838872343324369
0.9840259965513863
0.9830834560337778
0.9849943764229163
0.9863614330651981
0.986277482213357
0.985167180763435
0.9834847777038784
0.9839012331202003
0.9849208554310006
0.9856183751568384
0.986470199428392
0.9885689393167293
0.9891153821765157
0.9903314288176582
0.9921094441911826
0.9937754987635956
0.9950064749071675
0.99709246413824
0.9998308917014459
1.001465570630141
1.002289660001872
1.0000599876181715
0.9988392751344434
0.9960802557495377
0.9940364579420655
0.9944465931990828
0.9924400781527964
0.9896280883473358
0.9870812355796434
0.9856051666870851
0.9899280876094729
0.995148911478081
0.9916965961626293
0.9875549961597646
0.9858450962149068
0.9784223301322093
0.9740080313903209
0.9733581511378204
0.9683993363469846
0.9728612349461659
0.9737056856038238
0.9716275746396964
0.9844484478458722
0.9909487007630122
0.9998967176131256
1.0156630197977514
1.0316067143605923
1.048212556209671
1.0625208690999428
1.0724131915668342
1.0809565521251965
1.0903501256376027
1.1020253193165006
1.1097492180606041
1.1161318391552566
1.1181831432537603
1.1180258452401892
1.1162865028930165
1.1080973328495485
1.1049507552209923
1.1027103206714068
1.100096609377911
1.09584345576297
1.0892150137782441
1.0835270983031509
1.0797799962123504
1.0770509897533584
1.076397288071272
1.0780110371006748
1.0726430071692858
1.0659997252643405
1.0583756520083498
1.0482824578178334
1.0373447989855225
1.0276784082072143
1.0224527685406768
1.0205866211192243
1.0150365013990017
1.00693569608649
0.9961756056620772
0.9881959270879809
0.9863698880744511
0.9820436368540892
0.9749146124911093
0.9773892585693198
0.9780298142598004
0.9770312872833942
0.9781653004414012
0.9780600619040686
0.9773504749819512
0.976120998088255
0.9777580677434731
0.9779932286112856
0.9824815341573081
0.9845307026712202
0.9841946695841757
0.9890146577167003
0.9916958016529098
0.9942659248057332
0.9961465862680801
0.9985242453663514
0.9973546930877543
0.9983409348528537
0.9976370134399672
0.9975340477051167
0.9982754809150091
0.9999042025568969
0.9966317906814645
1.0032621126443206
0.9990467761304779
1.0006665508214363
1.000592226982922
1.0033399474012128
1.0089451506460905
1.0197167664813651
1.0172449765936293
1.0175501853733095
1.0240766308160756
1.023114121026208
1.0210674118245586
1.0200728939039172
1.022657555605312
1.022757576355119
1.0183413550170801
1.0188256321374938
1.0204458879171214
1.0191856553686396
1.018800886779813
1.0181708107948553
1.0177222727535578
1.0185561862175954
1.0189107026540167
1.0202559014223795
1.0195088233624554
1.0160356788904155
1.0141859541161624
1.010760132843875
1.009149374555196
1.010509462833552
1.014256914357409
1.0180893534798465
1.0150761080008313
1.017087816163502
1.017117815598484
1.0194601071951885
1.0211376693752712
1.0203404281674293
1.0186711658507923
1.0189301903579442
1.0237408521883085
1.0202592797124448
1.0316903336113148
1.035138529959937
1.0279550531744692
1.039000273645567
1.0349506691691295
1.007332282130744
1.0231254907479437
1.025236491673218
1.0195836791532114
1.0201273217219375
1.0324939309768664
1.0321226146636813
1.0340920161862965
1.0347983597200232
1.030451672683167
1.0236703100590825
1.0234935982385016
1.0246912911979082
1.0244059683349702
1.0272710074490525
1.045469153135896
1.0421937704627395
1.0398821952562503
1.0378731223461581
1.0381965863806883
1.0440173945302313
1.0443508193169226
1.0413087201683
1.0391278835314206
1.03955917762898
1.0410827621390104
1.0400557746789425
1.0391093924433208
1.035151009042237
1.0332920911462713
1.02987150163448
1.0288448579526255
1.0275478924565467
1.0274612528510423
1.0255645242485756
1.0252280224547732
1.02432077000475
1.022894540204075
1.0233223641261981
1.0215959779677999
1.0184713804124996
1.0157221395001357
1.0131306064009016
1.010786959910981
1.0133316991053207
1.0142856075525604
1.0126350988291342
1.004746024414479
0.9998580625130824
1.0004084226470016
1.002244761682261
1.0053287308568917
1.005884755862606
1.0081885907056505
1.0102935200965113
1.014890046933181
1.0177170077204503
1.0185182401614776
1.0181156492030468
1.0213749734427287
1.0229077944023979
1.024351339672077
1.0269864931033155
1.0291941013767079
1.0322269904227752
1.0346597414796064
1.0359884435549682
