0.1739982298433097
0.24835620766099026
0.3156790044526265
0.3770450317129397
0.43380707257074375
0.48457245548931466
0.5317279695895969
0.5749330733629153
0.6135762939630026
0.6485722146608022
0.6803466203501206
0.709272511376364
0.7355440089269124
0.7588882893826405
0.7792779866203673
0.7983770769345312
0.8166217122813262
0.8332992836364521
0.8487272106274464
0.862972896830348
0.8756337231864719
0.8860988134535298
0.8959510329025062
0.9055641265822846
0.9146410120449224
0.9225364553704345
0.9288245595619012
0.9353759726796884
0.9408116412970152
0.9447510199443996
0.9490425785349467
0.9534263675642666
0.9576671066243407
0.9611654226852807
0.964447134973661
0.9672999680172464
0.9698618151150512
0.9729070462281435
0.976724766180949
0.9799514561544698
0.9831923062680787
0.9848691111395085
0.9860781758901097
0.9876688967849989
0.9886234355678284
0.9893431701512235
0.9901455022643961
0.9904968257232022
0.9901906752828082
0.9903547927783475
0.9905919245274574
0.9910324854348835
0.9908381078562499
0.9913559612455022
0.9925027481413586
0.9932631913662017
0.9942970607773021
0.9952644467579236
0.996020052119375
0.9964207663309937
0.9965426507142368
0.9971505266362543
0.9974630539362046
0.9972069277193957
0.9966199084834604
0.996510644316795
0.9960441622997169
0.9961032872685641
0.9965930692101085
0.9970092732829844
0.9981060514190173
0.9991031224517745
0.9994477759998428
0.9994772485455001
0.9994763948970607
0.9995323586126361
0.9987203094925717
0.9989742227094749
0.9995880302682374
0.9997064005945394
0.9997631319407556
0.99994039565154
0.9995314151871072
0.9988830241028599
0.9985219356662878
0.9984182206606625
0.9980780944134121
0.9973203031691011
0.9969868532167449
0.9966671099646457
0.9963764342809192
0.9968069295153235
0.997467952669093
0.997728179281259
0.9974554908196648
0.9988408036582974
0.9992853252829929
1.0008526992042326
1.0009783177763079
0.9999164462253788
0.9996486248225829
0.9987344171396105
0.9986895567520648
0.9975013329366557
0.9968510225481353
0.996958071107911
0.9974569745091153
0.9982505102375142
0.9985048684319134
0.9989799296226437
0.9981401533593117
0.9973557758664504
0.9962061236842638
0.9958393724505084
0.9958662505011296
0.9964644103211323
0.9980620960998369
0.998354286061221
0.998976712322009
0.9997879018024434
0.999668031504259
1.0000166980241503
0.9997025515618163
0.999400542276817
0.9994996638442563
0.9989112113537839
0.9984728312505416
0.998834029184234
0.9985306045863129
0.9980302483920173
0.9973318547802822
0.9971828885137296
0.9976421262394869
0.9970670966747885
0.9969243023049988
0.9966844726507506
0.9968998890090233
0.9964011388433686
0.9967702074747403
0.9975582079697746
0.99799711207585
0.997832440583101
0.9982583850996716
0.9985349096177696
0.9987728574762271
1.0002502465823908
1.0011170537710763
1.0007559510892776
1.00071422425467
1.0010036043330344
1.0008284197247477
1.000421321567126
0.9997056780711046
0.999021885039011
0.9988133178399333
0.9985815179777758
0.9992873225390244
0.9985462211926582
0.9984649049791589
0.9982754090198558
0.9990224104011337
0.9997325682933866
0.9999792446777295
0.9988013396629621
0.9977682257484652
0.9969411433318865
0.9964402474464794
0.996412500497467
0.9967968908787047
0.9980860144343964
1.0007459333173943
1.0026198392633292
1.0029217496150293
1.00192396029387
0.9997966810229194
0.9989917078482474
0.9985655779878002
0.9991248320975519
0.998352446299736
0.9974102566593346
0.9954780730989221
0.9943773596623526
0.993626337776968
0.9942570653208574
0.9943164272176052
0.9942767769687119
0.99508683544213
0.9958232522361463
0.9968135424588052
0.9980006544206106
0.9990635069510442
1.0002425610668961
1.0005891263682765
1.0004317829089528
1.0004244334100583
1.0000812473450749
0.9991373097423527
0.9991917784271137
0.999427698887191
1.0002521267653004
0.9997585788641303
0.9991810954496649
0.998252737707661
0.9961466376673961
0.994303993678954
0.994747236392143
0.9948366592054522
0.996001078812771
0.9976477884671162
0.9997384789754272
0.9996318418925125
0.9998279380766969
1.0014241133274144
1.0022727503577675
1.0032450830678654
1.0022816179206773
1.0015602452984997
0.9996627706156708
0.9983768487857588
0.9958058039995749
0.9942233857068612
0.9932824378497636
0.992843704620704
0.992730569054475
0.9916673044040231
0.9903151151622676
0.987409161333876
0.984026604063638
0.9797681927945615
0.97500682258838
0.9705014750457676
0.9652651560651747
0.9619027830475676
0.9587304402104903
0.9525950100301237
0.9447662893240566
0.9372085895497858
0.9278101288013744
0.9134930861530048
0.8959256551407165
0.8785281455654179
0.8631571293971976
0.8542834688483416
0.8465902776594164
0.8399557403308626
0.8293779482680187
0.8142105017669021
0.7915079969931231
0.759821655203668
0.7284217310703549
0.7039499343847221
0.6837660658426177
0.6784406391489542
0.7011681067078972
0.7541356890658212
0.822079435484546
0.8880874822173623
0.940627092213667
0.9725038183040963
0.9864657670329383
0.9875306375393368
0.983175330902101
0.9788260853942684
0.9776906576635387
0.9753824022156756
0.9704590759955027
0.9601476377138554
0.9516833929056188
0.9530473686614959
0.9557355554203206
0.9431103235454212
0.9241784005123473
0.8885302613690281
0.8592505904825631
0.8571561998586273
0.8745180400078308
0.8896793078205939
0.9263974395444401
0.9853379012800348
1.0334739688401617
1.0721078604492407
1.142697859228229
1.2175032745071528
1.2592981180186875
1.2975617079648052
1.3569634183963313
1.4158247282170426
1.4297896106155021
1.4629548966128547
1.5214448141026722
1.5644894526903605
1.582538341182923
1.5732564099496373
1.5524519119944615
1.5209643490666067
1.4645715085665012
1.397459253131701
1.3398444964303076
1.2867909283835228
1.2519018507240405
1.2345300418559904
1.2302845410712966
1.2435238359988567
1.2686206472860955
1.29019977351735
1.2602581412346066
1.2395335162332803
1.2782006299242286
1.3506416021735215
1.428340827559453
1.49441901766387
1.5109077465307648
1.4998399166340852
1.476591022925845
1.422949037872293
1.3688629263922865
1.31588857170105
1.27894424355246
1.250964150507817
1.224864711664214
1.1999593158826238
1.1766458322775062
1.151481563385539
1.1328318790604175
1.1181126338817717
1.105159439018665
1.0984700335426028
1.0945639144772803
1.0948003338262324
1.1032857710464936
1.1063047964589172
1.100586938349924
1.095070118359197
1.093655737304005
1.0893352601847908
1.081348409708054
1.0747698399701358
1.0722891905868928
1.0622137466709245
1.0521089980832248
1.0442147239299018
1.0365864870722563
1.0307511761236259
1.0272413083737708
1.0330037167812465
1.0368297210460584
1.0401999491497544
1.0405203701842123
1.039473505537922
1.0370679449899505
1.0392974655739586
1.0402005275289314
1.0387088405769032
1.0444997805183438
1.0524198075246654
1.063975856803174
1.0649415543378362
1.0640062764525822
1.0562675215217239
1.0421921877324327
1.0320924971409147
1.0261150446456244
1.0248681433849292
1.0229569583111968
1.0229352744943119
1.0174343460873578
1.0073862899237003
0.9916985307383186
0.9873745301542115
0.9780956389136309
0.9693675563241745
0.976169520213671
0.9858182794432163
0.9869533505753764
0.9850096720633684
0.9759230709946454
0.9715697588322069
0.9720616026418046
0.975146278922135
0.9895338807814362
1.00772311744636
1.0352652049406323
1.0618597277238793
1.0914565663785614
1.1103680929693895
1.1263682388836445
1.1381007466372057
1.1473857573669561
1.1603735897324565
1.1776264949017368
1.187875702368036
1.18861647917511
1.1897184831358636
1.1943119985588313
1.205598877889862
1.2159276432690653
1.221920676188464
1.2236317894992634
1.221855122444825
1.2103658346971
1.1945111044934036
1.183610468916777
1.1682070234827027
1.1561301824862797
1.158029446792271
1.1535856671852898
1.1324363827048203
1.1008820552225547
1.0685318866323357
1.0359837092343256
1.0020635517206016
0.965730217849818
0.9312352677270692
0.9046342709064934
0.8759771991087809
0.8485208460521728
0.8198000215136818
0.792380676362636
0.7704128842824527
0.7503493095091011
0.7270675483512631
0.7044237126306211
0.690800083531773
0.6843711898114732
0.6955649853896223
0.7251286593633027
0.7665685833702518
0.8076614174908201
0.8493037130603761
0.8901563568020529
0.939150412530287
0.9806464366743785
1.0241276409284155
1.0684619656004402
1.1046285732539503
1.1278451601733221
1.1499401657682258
1.1753432405938111
1.2003150149262514
1.2278949938293078
1.2578228848450523
1.277420231825411
1.288553781780938
1.297571453982955
1.3037736284088242
1.3062253234690338
1.3125329264320973
1.3158655340125234
1.312948026829941
1.3051685351861815
1.2999809377633211
1.2905306335716533
1.2775727489217603
1.2525675296144223
1.225299626562221
1.1948671123123724
1.1680765147746976
1.1542485584851727
1.1494939459779965
1.1574251912495386
1.1720379367493243
1.195579815442593
1.2109411509529782
1.2131301592980785
1.2064633807900746
1.1867066666311443
1.1617617375263791
1.144235363188657
1.1318009391552648
1.1245578008920323
1.1166681509185237
1.1071942673002793
1.0957583340389834
1.0746858696701498
1.0468433228888872
1.0092469759727989
0.9703402273835082
0.9370203879520254
0.908765989534779
0.8854694819511985
0.8633551475072817
0.8408858751462659
0.8209835052034472
0.8003203202300522
0.780418554244789
0.7615233577614834
0.7474179390754204
0.7419164664047367
0.7449703208404476
0.753555738198886
0.7675407406149485
0.7836784509156464
0.8013981755615663
0.8178421629552098
0.8301743003068662
0.8388411447663738
0.8396451927763807
0.8340779408292829
0.8194995657956486
0.8025821726491489
0.7963715150047725
0.8126995609395479
0.8619483993374275
0.9148645105832398
0.9583322869133998
1.0425117611694743
1.1120755782871283
1.1170417118111913
1.0825782620824578
1.0460943708653003
1.0112826909470591
0.9840484188248354
0.9724637611175148
0.9736647733516771
0.9939444295190092
1.0197408782080009
1.0325911511696884
1.0341355843330242
1.0208143334977116
1.0060537064326103
0.9933795291140135
0.9849884526586159
0.9780228857345069
0.976614347086212
0.9767199097705195
0.9734499391120367
0.974050269189526
0.9719876679662516
0.9674864115936639
0.9665353812707238
0.965702577051643
0.9650220786287484
0.96497762126662
0.959181197061599
0.960728293914721
0.9642124537944511
0.9688669790457903
0.9706659953717641
0.9705696417553618
0.9674109198999203
0.9654910877760066
0.9624688263521439
0.9658451533504814
0.9712190085092559
0.9774645703943516
0.982946638082169
0.9887482654336508
0.9913679002656651
0.9923479268446233
0.9918541986280736
0.991233120095718
0.9895144382400908
0.9882549235606709
0.9882836291809464
0.9886211145039276
0.9878285173831045
0.9870530356313094
0.9863227986462857
0.985479365568079
0.9850246909417084
0.9836629804200847
0.9833496924501804
0.9833439781418755
0.9822661650284682
0.9807757995484209
0.9804770114416871
0.9822000411053934
0.9842047610427492
0.9864913483302861
0.9864330797847771
0.9825680633472657
0.9802738967459582
0.9773592269435571
0.975291770018405
0.9742269968378412
0.9717399588700742
0.9628880978015482
0.9597933180002294
0.9553520731623096
0.9495379954071184
0.9402760658393011
0.926060337602154
0.909117622893529
0.8922770067062559
0.8807883772342752
0.875264212091637
0.8754403047368778
0.874263162405423
0.8683841788108946
0.8542626155575642
0.8400864813407213
0.8259092933186275
0.817985625059628
0.8216134940876778
0.8269464059932374
0.8332277086921377
0.8393896837122047
0.8490273621369103
0.8614959223856072
0.8651299717511324
0.8585571662713556
0.8495316629222263
0.8438956963767293
0.8467185809781217
0.8663949374186282
0.9003963445579444
0.9421591753613897
0.9705042089313275
0.9670634034821326
0.9472662760733205
0.9302952185709565
0.9216529176525351
0.9216327389912025
0.9249774671977368
0.925723594647431
0.9138659846118508
0.8970751357943232
0.8753814996480581
0.8549636977715562
0.8422201418772244
0.8282618057573722
0.8113408785474654
0.7941921245754642
0.7927622834317011
0.7956464691357006
0.8104535525554449
0.8505676325507093
0.9136349916963713
0.980136010097759
1.052959411011965
1.112784895681685
1.1580641983657596
1.2014254735918577
1.244479114384974
1.2704032909743193
1.2927496922724702
1.3280028780955644
1.3486413477957824
1.35652421783933
1.3528391618334223
1.3367512395617813
1.3268834542998704
1.315867889149167
1.2873714086927235
1.2621884035633064
1.2327042756385753
1.2000889189714463
1.177615032922947
1.1675460416578693
1.1686342199103263
1.2114969899531878
1.2576824059095693
1.3000395276376933
1.331273626415758
1.3602161031059412
1.4088401127676091
1.4550914439650113
1.5120245461403008
1.555034771307411
1.5626640357640562
1.5531617490831648
1.5152594783574325
1.434898468067737
1.3449958555083505
1.2610140428629963
1.1975247042395385
1.1511025818562486
1.1162302565261693
1.0786400710091162
1.0425960106913388
1.0136835084695939
0.9964742428271581
0.9860492477421836
0.9862430577184171
0.9900084521009084
1.003816193068953
1.018514867221821
1.0336227182160547
1.050696358854527
1.0680305650838107
1.0816350747556107
1.0881390756048754
1.0873355026408864
1.0813806104630412
1.070822219742997
1.0552959067828083
1.0390338893563005
1.023048872369486
1.008871261289361
0.9986407208739879
0.9911512475492195
0.9856839287789814
0.9826584626096555
0.9857428693509948
0.9887773959464418
0.9928338837121736
1.0003209498138277
1.01387958737243
1.0303989648862815
1.054327457531642
1.0748405153400016
1.0874223504538403
1.0936298228688395
1.0998615651476744
1.1047142487654111
1.1029382977060993
1.0965338365623973
1.0853510317664294
1.0743740346833093
1.0640374060377862
1.056471683441541
1.0527522553751683
1.047690433435123
1.0420580986992334
1.035464802980167
1.0234573238442923
1.0071844258434266
0.9883627154711389
0.9749713474704907
0.9697886679592261
0.9735487745563964
0.9803076120698911
0.9891809794629283
0.9917816885716728
0.9920335039545705
0.9882482975184748
0.9865802231374885
0.990957599770832
0.9975722250456491
1.0018896258984222
1.0038489980396874
0.997067047768805
0.9875701574953216
0.9810680469983495
0.979451406776202
0.981749986720611
0.9815674245388748
0.9852149555968495
0.9818322093447321
0.9890330940166305
1.0121672075930837
1.0209475613764651
1.0306697281132378
1.0333451640692835
1.0438599125823802
1.0608217167826595
1.0759567991114665
1.0885792061245194
1.1009200407787434
1.1085586483851488
1.11534590690286
1.1234205077957207
1.1252071424007644
1.121651813294742
1.1132357678210854
1.1041422692761644
1.0981871652442745
1.0953048836184118
1.0945260977396265
1.0941548263244656
1.0937879566159514
1.0936221266726571
1.093187949547932
1.0881596959855269
1.0842227326889005
1.0814910373803985
1.079992876486365
1.075776223553694
1.070512854838041
1.0654687394738582
1.0569302791321198
1.044681241903228
1.033462807142323
1.0262224284059678
1.0171967646887283
1.0058409703395188
0.9957629440719885
0.986765236230585
0.9803599163194161
0.9748019691584582
0.9681218535661607
0.9646111549600248
0.9628618899666314
0.9594935286692504
0.9555171885966781
0.9531148035939783
0.949446194168774
0.9438756336777048
0.9443693090108574
0.948970500183039
0.9533146582579728
0.9585877748517663
0.9655008258022796
0.9766370308095237
0.9971962864312595
1.0219050343709908
1.0465059394501637
1.061402351630022
1.066344307291538
1.0748103702712677
1.0883209126244215
1.0990253432703891
1.106864847256115
1.1154038524190575
1.1206504442459448
1.1310381658341766
1.145055776730363
1.154038026366469
1.15888498270632
1.1591677749208402
1.1578429885574997
1.159869973436315
1.1630228285990196
1.1666533384102202
1.1688611753788507
1.1663255924321208
1.1587129254132038
1.1532434815625796
1.1425317477650383
1.128124297558036
1.1139078413123116
1.1002529277990656
1.0896745476325373
1.085642798594806
1.0804112986308683
1.072798312427025
1.063358724714112
1.052437505897044
1.0430640268957263
1.0332987790590906
1.0248326410532191
1.0187431855981741
1.0155586109629218
1.0133709946072533
1.0044931788404103
1.0022970404734022
1.001920518479298
0.9996525974866131
1.0001544631167159
1.0055847600973329
1.0143692075105335
1.0230970624754043
1.0323141673007503
1.0554528021632001
1.0582109417320007
1.0568875541372944
1.0561202695406764
1.0555468668972081
1.0516472404881971
1.0473362250043137
1.0386932130855486
1.0287050038051169
1.022297438969205
1.0082236214778049
0.9951591916046822
0.9789962755117053
0.9626611893488313
0.9478029216797399
0.9427032224044815
0.9280548252871367
0.9190903500769366
0.9123439430806756
0.9065612529682475
0.902531846900986
0.8986941155567326
0.8872330285630355
0.8781348530751484
0.8702801883442361
0.867845073413286
0.8626101639247019
0.8590571092970273
0.8587953844218771
0.8570610053203347
0.8548318857181502
0.8545852175942387
0.853973159769837
0.8559526616595291
0.8661731023297996
0.8807813801629268
0.8886112101232734
0.8917541074242678
0.886305087044996
0.8787226133540934
0.8814328880459311
0.894463554418709
0.9103626867994085
0.9275046261096004
0.9376004871888575
0.9381929499374606
0.9359875731288546
0.9344860704434804
0.934398557950561
0.9312116470127947
0.9287058756134897
0.9248408618661628
0.9214935865227801
0.9265339014000392
0.9396664615875501
0.9543368624592272
0.9651749029910911
0.9723602372360546
0.9762546697847196
0.9814666959972045
0.9858103429060123
0.9992141260839073
1.0075873314367179
1.0153912035420234
1.026085840938155
1.0336416063736142
1.0372973456832746
1.0390012887040603
1.039923564243078
1.04342245217942
1.0457886650387405
1.0496045828640617
1.0515798766735645
1.050618200696076
1.0461009160276733
1.0399793797071981
1.0360186233478124
1.025497756226759
1.008347312618017
0.9946381478524635
0.984792267019852
0.9772960283068783
0.9710396799804566
0.9687049458273111
0.9683719949440431
0.9747708459632407
0.9833803665500876
0.9913159045687618
0.9950807231761164
0.993198728019374
0.992983063903079
0.9893059707051273
0.9886315150837993
0.9920459265197601
0.9906870472942244
0.9787156033714374
0.9710919390253608
0.972676041947853
0.9768774075756159
0.9940502922143929
1.0080026720388053
1.0191904765220883
1.02228409682393
1.0206935007246327
1.0190602080195985
1.0160038718936997
1.015082409408111
1.0154039771199217
1.0161315296445355
1.019662097133178
1.0205807213873634
1.0176085315496073
1.0154522862204778
1.013354390472157
1.0118060128864852
1.0117152928574888
1.0114933117876062
1.0132909803992185
1.0191726908965688
1.023244397675755
1.0241492658979865
1.0227626892150814
1.0217034692720064
1.0214655944429136
1.0217258640908569
1.0229422211457555
1.0254615677485548
1.0286907491783182
1.0300506234717592
1.0299586460613912
1.0276557053903794
1.0233272181752435
1.0185081973515766
1.0125240933447404
1.0071009826489752
1.0035970939373264
1.004198166242091
1.0080163218594136
1.0101299041588125
1.0101728938187096
1.0035652852840806
0.9983294347842461
0.9985964132921186
1.0054840370626714
1.012698767514292
1.0204960554195361
1.0290219126846436
1.0352047635366723
1.035851037063827
1.0344871406728275
1.0284719637913748
1.0191379701858458
1.007189970638115
0.9956365430150996
0.9869400895795074
0.9780497377719318
0.9690588151646324
0.9642833571958324
0.9642156221021374
0.9679251471658475
0.9741969643647689
0.9811672941008941
0.9860251133299112
0.9824832313679391
0.9858295195726599
0.9845723840484216
0.9700272262658243
1.0040223837035704
1.027043670373056
1.0294596095525292
1.0267255369360362
1.0292597876424325
1.0257178010355794
1.0160027283178499
1.0081366310742006
1.0040602014032622
1.0014450275685336
1.0025841921510694
1.000030092583864
0.9978331496211245
0.9965765606259178
1.0006061908446424
1.0078017956062446
1.019673019634643
1.0338735083108785
1.0443604782024876
1.0455799823058145
1.03988335546369
1.0302576445426046
1.0199465239313545
1.0111911959438535
1.0055724566883777
1.0010401907613788
0.9974804978592285
0.9960760033785694
0.9945363602271494
0.9942813560628071
0.9974978297013319
0.9998689797712466
1.0015637688135117
1.0033428964993953
1.0065632747832394
1.0119748000285356
1.0139565594154816
1.0154939704498966
1.0146040393216333
1.0117716273374804
1.008030655332076
1.005062314005115
1.0053085406662072
1.0022941455290302
0.9984433517985838
0.9955677065036849
0.9951737862523394
0.9939813533949323
0.9916714253557489
0.9923700951545417
0.9952108666230821
0.998355463945644
1.0007887803111029
1.001770694630961
1.001391733764326
1.0002858462332276
0.9991798540294853
0.999108340855125
0.9990943055858158
1.000902709771764
1.0017074562252835
1.0023762259005367
1.0027377345308268
0.9997701518744506
1.000810153166604
1.0014545760100197
1.0017228233437068
0.997092010959398
0.9968493688946228
0.993222994157037
0.99454389886229
0.9962893671963919
0.996764411324973
0.997351039787413
0.998731259464682
1.0008453541749887
1.0026895251994714
1.0133540326488377
0.9592301775635246
0.9577836714227191
0.9587182041091125
0.9620936291855154
0.9640047968288731
0.967687660890824
0.9707329913871569
0.971901658399198
0.974822088915214
0.9769011568492776
0.9782230865539598
0.9781346910019585
0.9786785248180703
0.9797071070407619
0.9819437075994313
0.9834009110472173
0.9773922184694328
0.9785043060241467
0.9766786072148399
0.9768035673124839
0.9781202009920892
0.9757355144428153
0.9798630213628923
0.9824725013007687
0.9842933076888927
0.9852493278542692
0.9850152445948112
0.9866413848056524
0.9888162310618942
0.9926592750395692
0.9955281829548807
0.9980968634639852
0.9995294230782767
1.000344468087755
1.000540776927887
1.0006319162161257
1.0016413454153252
1.0008535713340747
0.9994171367094803
0.9986519424631638
0.9979456694760468
0.9976490051018285
0.9977627223547866
0.9981913322468429
0.9993406038237932
1.0010340995220097
0.9985285131879114
1.0004161394089983
1.001333877348259
0.9999128237449318
0.9996100816678222
0.9974289608812935
0.9993013771606915
1.0034530135589699
1.0046068904036223
1.0043766139645631
1.0039856487961683
1.0039880400074341
1.0040850565852517
1.0042494273936038
1.0028072109420714
1.003344420057893
0.9996537083970214
0.9999980148596546
0.9991693716546748
0.9986722159726539
0.9994480629698199
0.9982460239191596
0.9980115774760833
0.9969589305184351
0.99748341667575
0.9973058798722985
0.997228090743731
0.9991680481044809
1.0024801157141834
1.0054844144545838
1.0053353412758887
1.005199820204348
1.0010345722591942
1.0005033783147157
0.9981772899836415
1.0025405386980635
1.0029353360911097
1.0059512614774548
1.0095206315328649
1.0073297306963618
1.007220593028824
1.002571925230317
0.9935449458346405
0.9953062279483427
0.9959023221460754
0.9972627882485365
0.9975418933690292
0.9973108578366117
0.9980269202778328
0.9993485693105885
1.0005845378767617
0.9999508626339441
0.9983033657046321
0.9974833391629229
0.9962129006452919
0.9954850880528913
0.9955261021334717
0.9948620596722167
0.9959942575513686
0.9969177859435728
0.997029012000172
0.9879683968815822
0.9955844794891395
1.0139709402608632
1.0145502701997124
1.0081580819328042
1.0142808246611101
1.0234454293344837
1.019446387708201
1.0180838127199887
1.017390360448053
1.0164688902596397
1.0119649963407864
1.0121896600070093
1.0078695868336474
1.0104171563580377
1.0116719333248938
1.0135335483358079
1.015891893799193
1.0213169300153166
1.023229963867623
1.0242413190983264
1.0274514907916459
1.0286686757859587
1.0241563130662412
1.023992568624834
1.0210126898628584
1.0226783000929756
1.0216674271979242
1.0160617709362223
1.0130754818926755
1.0113610084713662
1.0071260675278266
1.0044864692627096
1.0013191367501013
0.9985830721006376
0.995211871909197
0.9928282708293618
0.9887054920469803
0.9853484778189157
0.9843711960918081
0.9818285045645404
0.9791963312636909
0.9766261454403486
0.9748134950961361
0.9723875072273542
0.9698950401981268
0.9706378965355289
0.9761096639075174
0.9859143119749144
0.997974698366595
1.0037924410374304
1.0111634249874466
1.0242778803132584
1.0412641785533072
1.0694866630195539
1.0883086121888466
1.0892994562283829
1.0782317465366515
1.0586873425695937
1.0402938177686478
1.0313619245759968
1.0329469683924217
1.041337605224501
1.0476116180286086
1.0491157385089538
1.049143384073683
1.049140791432182
1.0478217499662938
1.0441076123129518
1.03801938800532
1.0299961395331114
1.0231665515638584
1.0197667962193615
1.0172460701743924
1.0198548924392663
1.02293997278097
1.0218082002524707
1.0177864943089794
1.011400494867588
1.0031682011409389
0.9951431728468261
0.9909502548227139
0.9869565530364106
0.9856627322340298
0.9873165357709962
0.9885442745586711
0.99059447092333
0.9924272161623151
0.9935828595866016
0.9938092623947431
0.9932120190785124
0.9915971175401143
0.9908716337002776
0.9895676234887584
0.988962844288027
0.9901448647392446
0.9936876182999043
0.9963088705834793
0.9987299603945735
0.9984008314231442
0.9982455769284275
0.9979637715688433
0.9971776037238231
0.9958003673556601
0.9957185610085378
0.9966524691587019
0.9997423412933781
1.0004505493343951
0.9994968262253661
0.997853838884022
0.9959197373368626
0.9944556501621276
0.9950623966661397
0.9972503625278984
1.0004038706328808
1.0025739610711284
1.0063841897642627
1.0089856270584205
1.0045574319901382
1.0000222676117552
0.9964900650487508
0.99705218880756
1.0033591370314985
1.006124446295167
1.0027540935661596
0.9911347342308258
0.9743704256022124
0.9629326281396334
0.9564185978981681
0.9549933796475993
0.9557137017422318
0.962579775684565
0.9709847163196883
0.9758047314543401
0.9753853500682129
0.9727141948531428
0.9674200941113682
0.9557075525289318
0.9393124887543866
0.9223981658606921
0.9089328476222026
0.8990454279906224
0.8956218520183327
0.888545368462665
0.8757490682081653
0.8606067286562858
0.8498545541838486
0.8385607929349177
0.8302809427831385
0.8330569528696181
0.8372551026718377
0.8325255390325783
0.822841962604221
0.8341931589961419
0.8574603773370952
0.8801686659671817
0.8939241540767388
0.8949000538695778
0.8900165859364546
0.8867993344098576
0.8814700783001144
0.8827571867367936
0.8978943022476091
0.9166628817544336
0.9196269481790754
0.9126585433866456
0.9064040388024339
0.9127775044297188
0.9242062860318849
0.9307941659763003
0.9281119860097274
0.9244367717072938
0.9220964739282297
0.9182625483085094
0.8961749705487175
0.8889262659559289
0.8705622527569994
0.8543632710646922
0.850070810724769
0.8748166390002368
0.8948809514093008
0.9302509143919913
0.9978332110250314
1.0416540548965885
1.022621579183561
1.0153651279112916
1.0520202173802806
1.1092086609609546
1.1681314538472607
1.223004839320391
1.2258007217753166
1.2148345093178938
1.2273757568130224
1.259416078326716
1.3753940495063925
1.4416213833422373
1.5344510995472334
1.6407581602036303
1.7399816955014027
1.801489392795335
1.8314412550515629
1.8192028489744556
1.7513496613483666
1.698338497728506
1.6355447312324032
1.5621039007766213
1.4965825032563964
1.4346849581527559
1.3859244657985546
1.3359597091517388
1.291455625768057
1.258566203895021
1.2353724218823272
1.2170388428146868
1.205541303298922
1.2026905593900281
1.2033617404894388
1.205383350005816
1.20769271218854
1.2088926371809896
1.2044275522232466
1.1952004779159164
1.1743380458960346
1.1498230298193657
1.125527515893558
1.1005044756724185
1.0791360076424839
1.0625080765330603
1.0504375440766633
1.0439236264536802
1.0412548333827323
1.040274243086576
1.0416487881819154
1.0439737194367729
1.0458054825041725
1.0501525600513197
1.0533681725272723
1.0550330528226328
1.059014826412693
1.0624499565756271
1.0641496106216852
1.0657007205774562
1.0635039173543694
1.0602816827593287
1.0579220192363357
1.0565285520934824
1.056730434821464
1.0583555261637072
1.0593276276475025
1.061485537256251
1.0596026475629363
1.0531244110622064
1.0442698584783612
1.037053898137483
1.0337852161942824
1.032545694639902
1.033098801190765
1.0350005489380876
1.032900875912632
1.0278344694470567
1.022653935667973
1.0182649116312097
1.014861854218234
1.0136274289919163
1.0159012969128896
1.0164712453189353
1.0158738139217927
1.0143077931550382
1.0139812290578516
1.0132714304428452
1.0138660938486277
1.013745393892731
1.0133630398097198
1.0124136940188844
1.0094373050144876
1.0086448446155996
1.0065277947054527
1.0078358365627345
1.0103363065684272
1.0112166957919808
1.0172925012109655
1.0195659411547744
1.0159663472058382
1.0110877636117939
1.0059014926724263
0.9994011935252115
0.9960156840689888
0.9958838247578509
0.9980595361605616
1.0004822796907373
0.9989880017677675
0.9961556482925485
0.9897208527940724
0.9823451812399117
0.9762736961938316
0.9731606560208679
0.9700592079616304
0.9698846847619312
0.9677958107303
0.9686117097372048
0.9664317065112705
0.9633595689660126
0.9573034154568014
0.9509294124391726
0.9536968739714702
0.9672955971243133
0.9853146374533885
1.0017799063727624
1.011985282865204
1.0136304863289274
1.0076891036161928
1.0028784306020277
1.0024959475504827
1.0038620407471333
1.010990106219815
1.0164722005472853
1.019776677529344
1.015964202765352
1.0108706765588762
1.0037665765020005
0.9983718597839928
0.9953913589271934
0.9920332241816499
0.9900986870496449
0.9884655564076897
0.9896559860759776
0.9933286544617304
1.0005229026067324
1.0080770455783654
1.0215332763697489
1.0327875315566568
1.0381084425350713
1.037144823889454
1.0385375854745005
1.0367723248121097
1.035897385577531
1.0374263947113287
1.0402048344789767
1.0514028102721242
1.0614140622202817
1.0666686841460082
1.068088566725137
1.0778956434851195
1.0993706412148925
1.1220781008377048
1.1378506310985228
1.1450641040338885
1.1444587331748837
1.139227517439912
1.1309867032792742
1.1252229234731177
1.1241313089200489
1.1318171646187798
1.1321885391561446
1.1338312384943725
1.1294420851370282
1.1217701425311757
1.1060306146307888
1.0882401135857265
1.064042272908121
1.0478749761504431
1.0239367647496234
1.0019579732483321
0.9782995737631643
0.9588399231228851
0.943062461504017
0.9372441860309657
0.9385147390206754
0.9387536164667151
0.9361651219378252
0.9313109749971337
0.9220983671513967
0.9131689692755761
0.909663106799383
0.9111644760544139
0.9147161239679261
0.9132058400412429
0.9088968146176487
0.9032192084113437
0.8955492069616436
0.8949704400436055
0.8949229340750559
0.8947106501415335
0.8939785188071493
0.8948115891175898
0.9002883079041498
0.9146494039981916
0.9311741770750719
0.9459579920576882
0.9612787998202891
0.9783095447890264
0.9976957120142504
1.020816171522131
1.0511412236925894
1.0893655963710918
1.1293080107404345
1.163372309079981
1.1925780057064577
1.2239638675972218
1.2597835924002418
1.2916504114562546
1.3162995352278997
1.3320075447648227
1.339179495620873
1.3380658631504123
1.320089895166955
1.3132007269893633
1.3025961951246836
1.2861857321349996
1.273238854830992
1.2624366865161296
1.2531246523180106
1.243135985438278
1.2356670417890256
1.2262307584588732
1.2070673626903372
1.2010534702131708
1.1980972049514893
1.1916953110481352
1.1876313479977656
1.175180902613426
1.1573408891104466
1.1374290552029207
1.1158195918184068
1.0923508731986347
1.0774058191891998
1.0652636190874063
1.0535409795237578
1.0519405972154594
1.0394089471132046
1.0277187896912687
1.0187948822556685
1.012781089786411
1.0156988151882187
1.0074322371714848
0.9975719295870769
0.9829619899210956
0.9620858060640326
0.9422208950919501
0.9207022794592784
0.9034161253139605
0.8916631784109648
0.8813295779407168
0.8708953731238593
0.8605335620239404
0.8538135680359027
0.8539543796922063
0.8529245498718204
0.8500921005245657
0.8417545035179206
0.8319020140985547
0.823906339641119
0.8211751577069251
0.8205236524120387
0.8199850180286575
0.8166702722044779
0.8090999028609535
0.7982802801328245
0.7887693982864519
0.7855164275031751
0.7892249772153939
0.819057940944698
0.8763726036444222
0.9349742873344254
1.0069120224125019
1.050974152605777
1.0525796091880086
1.0058345258231909
0.9597604816281524
0.9172777103402905
0.8849582989822338
0.8690781542241456
0.8774631078630996
0.9060120974468275
0.9527375661789339
0.9898702662639859
0.9955840771103638
0.9853083805487729
0.9698885179583911
0.9512987025742184
0.9384086835085893
0.9318641729346763
0.9349154194326039
0.9412234032167489
0.9521747126716066
0.9590846329471465
0.9616445885037461
0.9612449587788138
0.958313207461191
0.9536759793080919
0.9528123776114068
0.9555484294622115
0.9615143753628338
0.9661260284993024
0.9677668242016719
0.9691178500648168
0.9726916338771873
0.9756222901795385
0.9790723894046004
0.9839524555200064
0.9868126142182487
0.9880846198573231
0.9908416097051309
0.9933729551008693
0.9960717434376801
0.9970580439921325
1.0004159200689733
1.0023973652972393
1.0051700940117196
1.0058426329566903
1.0067461190815286
1.005055359367746
1.0059198211129188
1.007890801316056
1.0092222331885887
1.010611464928341
1.0102741217745943
1.0080106625533276
1.0004335697015032
0.9923064384157062
0.9810299905948802
0.972480016027668
0.9684588575788369
0.9643969224017158
0.9696135494312276
0.9814946691707708
0.9977194876064569
1.0186741030167819
1.0374682506877408
1.0484998437917845
1.0642232512935754
1.0740510356096868
1.078614696592965
1.079511930286939
1.0686467358656297
1.0517133723185752
1.0281908221810132
1.005626446720527
0.9877302423983877
0.9799715493315561
0.9792499026322253
0.9858392187937166
0.9968135052675254
1.004121164191613
1.0093907943778506
1.0102962916421623
1.0106890090918432
1.018064432471026
1.031295994887759
1.0404004985876998
1.0431335791895988
1.041423366415514
1.0365347164436456
1.031543264817884
1.0277995184715463
1.0277594485573347
1.0276614132798643
1.0242780893044163
1.0165322156906618
1.007762389555126
1.0029378175011243
1.0041285992437665
1.0070181453521847
1.0078642451580728
1.0086974946641556
1.0117028760077202
1.0198345019800557
1.0260682068371516
1.0236388048834906
1.0186630091766087
1.0126504688230078
1.0058836862048883
0.9979339615766242
0.9909718906777631
0.982719898596395
0.9781609238974709
0.9942213424475043
1.0302861820341649
1.075649484713479
1.121979913525859
1.1340884389471115
1.1194466514567272
1.089841010919284
1.0628931709930216
1.0502189849740529
1.043085016977289
1.0372900230642694
1.0320419879358653
1.0262391454749749
1.0175269766166246
1.0099012943740682
0.9993973975461053
0.9843005311024026
0.9784838770544322
0.981369948843042
0.9879956640372349
1.0010557226019505
1.0147492404181386
1.0274227762661117
1.0348180639853437
1.0365035957313589
1.0316414820893633
1.0245966007444238
1.0180050262701794
1.005209292904296
0.9971395420113862
0.9921667042735016
0.9893682673710511
0.9866375134749067
0.9847723859244994
0.9834565228770106
0.9815078671186727
0.9795274608034876
0.9784498278809352
0.9787750240165413
0.9787036842196127
0.9791130763391106
0.9841679226957768
0.9911876091073911
0.9979656217604318
1.0045645708873563
1.0062765024297315
1.009915580435131
1.0093247697779615
0.9997291726743789
0.9891501626574969
0.9820650093826625
0.9792386233544278
0.9818578483186985
0.9811317840509474
0.9777372900502399
0.9717541449631266
0.9622917808142213
0.9528435488602148
0.9422045510308571
0.9318206721971234
0.9282338798447132
0.9257853105151473
0.9227047966531654
0.9159572319529171
0.9104832596251241
0.9008108213082565
0.8900777544247996
0.873547056049079
0.8517741374162404
0.8181368944941485
0.7922770624779543
0.7639289393320096
0.7316938881782974
0.7107346887302568
0.7172533909426614
0.7552319172648475
0.8094851076705244
0.8556117802609532
0.8767736540987001
0.8814739808143734
0.8873267680126088
0.90273251189756
0.9229465660649432
0.9396096902559689
0.9419989273446849
0.9392974160223375
0.9366046886885957
0.9382640425354122
0.950781479951555
0.9743737312947669
0.9990574337051815
1.0139410559828723
1.0217256631492613
1.023770454496343
1.0181657782245772
1.0137009934875596
1.0156834566112964
1.0122184990467524
0.9986026537782852
0.9816433662567178
0.9588106421962006
0.9470561019190366
0.9123990559222732
0.9595154017331956
0.9659451993190494
1.015181818397843
1.103488934199831
1.1235826938653288
1.1325788478667451
1.1510242427434447
1.1757841883758762
1.1914036470595366
1.2030171681787547
1.19866409158416
1.192796319667415
1.1779483628848217
1.1525297367602738
1.10751277316223
1.062214474065647
1.0231893033015071
1.0422138880605176
1.1242819641076112
1.2093471959671964
1.3613055507767315
1.5705895250494195
1.8252739546737293
2.0022254419303667
2.0338500920966514
1.9818948692794167
1.8951394296156339
1.785710875962007
1.7591268852788438
1.7575899080120905
1.7106099729322433
1.6622220961726015
1.6017592131249219
1.527602638732509
1.4640053083215896
1.3957084424935364
1.339494972888157
1.2994679731689036
1.264509433841088
1.2282165067234136
1.1978003360598912
1.1749014198805736
1.1612871435346408
1.1490556280803548
1.1388539800114004
1.130117317217902
1.119530754932873
1.1100182854372742
1.1029424937172678
1.0966820276106697
1.0923798774087412
1.0884483841851966
1.0832169858253324
1.0767226798660394
1.0682639151404827
1.0584909370898636
1.0500707174519788
1.0416289772616483
1.0350917094626366
1.0316048425768518
1.0296726686274145
1.029459170952696
1.0277041057469136
1.027523044800338
1.0302583122806368
1.0339204158723698
1.0365491753528864
1.0356220961734213
1.0398383532680215
1.0466178121730354
1.0480497857391375
1.049929898237701
1.0533602720907214
1.0581140924604961
1.0616140316210194
1.0629776353451459
1.061466452531809
1.0585939057743494
1.054492564901628
1.0496675585790671
1.0462077449350877
1.0461818189659728
1.0468304846259533
1.0473791327014952
1.0466873648228399
1.0437051167667624
1.0376642745027618
1.0305677989052136
1.0234137163387358
1.016800151620566
1.0097574662663111
0.9736111382380922
0.9701216448057697
0.9693143484485969
0.9682411593973281
0.9666725863475965
0.9690813666687181
0.966812846033008
0.9664252908458765
0.9725855450727923
0.9763200529827732
0.9788367739894158
0.9800087299360044
0.9872208680105743
0.9825778762269942
0.9887816333191036
0.9858544356125573
0.9736882512879103
0.9777455659333928
0.9818952779268255
0.9859681294411121
0.9886417771866548
0.9904872988702699
0.9923273135904703
0.9955968554119294
0.9962289820215059
0.9944714477484907
0.9923940703355636
0.9899254121731677
0.9898881508872964
0.9897461701794307
0.9939836134573838
0.9984890125454678
1.001187436702396
1.0031240422523202
1.0082798743382673
1.0148085133291225
1.0229851124074036
1.0320904073552621
1.0455388140624284
1.05529137502109
1.0604739654409434
1.0617926958384893
1.0582522675618444
1.0562473211975167
1.055559177349496
1.0534218824039447
1.048842198811082
1.0478852665745892
1.0463068939863933
1.0441156765552713
1.0390343080630102
1.0338555733059975
1.0306057675162301
1.0312118236211625
1.0342017086699502
1.037753774156818
1.0402320695396723
1.0423992837791578
1.0444147912710613
1.042304158072296
1.042563370140652
1.047641183658736
1.051595434064107
1.054404551646847
1.0519788426086554
1.0503216283800674
1.0532473442959553
1.0605795959215263
1.06896871648382
1.075365402310812
1.0798564645553457
1.0830116171520698
1.0772933145159869
1.070243010122825
1.062366004987238
1.0535302339373227
1.043222310326472
1.0322850803220425
1.0242071932619983
1.0207320602413459
1.0160108493747997
1.0078172450573482
0.9989652178854468
0.990535154178508
0.9841032010912042
0.9822214901110713
0.9838108506761528
0.98729815684508
0.9872089504226497
0.9843977772089805
0.9803247605016607
0.9779406527757005
0.9810668659693028
0.9883518916547248
0.9976939531197534
1.0096290144548274
1.017808932414463
1.0216030943353713
1.021352843257851
1.0159517908160753
1.0092926677745846
1.0067589641235493
1.0043321286064246
1.0019191946170585
0.996225790966584
0.9887977517012518
0.9774998883465419
0.9647169609159776
0.9521872882034401
0.9445825323112271
0.940424911925706
0.9364297480276171
0.9322430221498199
0.9246429697108144
0.9157096476956283
0.9092547584476218
0.9076475086674383
0.9031738216680693
0.8967097567624998
0.886703386947995
0.8754909776136266
0.8517162573391854
0.8329608565292351
0.8211451986726721
0.8109077252905195
0.8147494812721697
0.8157135710932405
0.8192838950307756
0.828095370822237
0.8343785805293341
0.8508499268847604
0.8710283146520053
0.8913836067600746
0.9155810227155172
0.9337729444544646
0.96694632215657
0.9906985350707974
1.0108617329119882
1.039131247010447
1.0635750772037216
1.0820086828936057
1.084701192278112
1.0883744167628615
1.0965134762205049
1.1132308887503035
1.1307712927542928
1.1463754813966587
1.1514782679097344
1.155596403294872
1.158168911962004
1.1571495933465974
1.155604772878342
1.1516672279136595
1.1432179934733828
1.1301385199476874
1.1165669418599098
1.1017304577970986
1.0849003388181464
1.0660521725608294
1.0486414443017769
1.0363255872277177
1.0279664361657428
1.026036605393606
1.0280368341221156
1.0318781718441978
1.0370099395052401
1.0349958688301995
1.028975789816311
1.0223154725426238
1.0171087903114142
1.0110132541897259
1.0066376504143564
1.004292589943518
1.007662980875715
1.0149498425341938
1.0215164566091652
1.0265574185141764
1.0267434630326464
1.0235741061352792
1.0217080380146395
1.0229306263683657
1.0257177606956012
1.0300121216033138
1.032975564576328
1.0359225084017758
1.040673285011829
1.0419319294177287
1.0441288472444556
1.0446060781701896
1.0408687429838503
1.037174491175704
1.0321544623491397
1.0247122344765225
1.018097638564654
1.0132255383331732
1.0095778270494344
1.000965484851491
0.9920846964558929
0.9827172461989343
0.9767204934203668
0.9804124307712605
0.9878579409170538
0.9951091025763671
0.9977144161368876
0.9968981101658874
0.9957317444303775
0.9915642168345955
0.9904316721300774
0.9929980535140195
0.9952420641422486
1.0076882552855149
1.0057507953488354
1.0066716243319491
1.0019016843593727
0.9953116315877655
0.9890769626794566
0.9837161531848146
0.9795020171053871
0.9773256169110671
0.9783388373335726
0.9787476424202969
0.9776531596943957
0.9784606316878169
0.9774595006095825
0.975823443333142
0.9751197340392598
0.9736376180294488
0.9722023979409432
0.972987027143861
0.9724687892700611
0.9715325305554344
0.9742321864224631
0.9753665964945806
0.9770490635800837
0.9761894113998657
0.9729733691216502
0.9713550366843599
0.9722139181184626
0.9746890931687934
0.9775560050549136
0.9777741974559824
0.9774119526850094
0.9772050377105894
0.9814867311834111
0.9929845323933982
1.0083060281398757
1.0219259144351596
1.0324154552498392
1.0373844606330642
1.037844222839214
1.035511769457802
1.031105845395828
1.026428174781267
1.0210603908021259
1.0155406432593113
1.0101004663529245
1.0046794564788937
1.0035488616905301
1.0076480626015665
1.0136745548086423
1.0220006002929336
1.0270235868182593
1.0259270851308486
1.0205851649378064
1.0126478175229066
1.0042483092044499
0.9954825923446106
0.98791006031882
0.9857594727760861
0.9903151219479404
0.9932610555795862
0.9983781802664676
0.9941806966145514
0.9917533346995587
0.997653366113843
1.005084063014184
1.0109634617532974
1.0126822283844013
1.0168130665863622
1.0206227861571378
1.0203378131854255
1.0188225814939287
1.0124020956186472
1.0093930235317214
1.008597002960168
1.008821166977334
1.0128496399243512
1.0229946501009055
1.0375001622844544
1.0609220141599813
1.0834946969107315
1.1031028830432614
1.1274854106663974
1.1515172350406633
1.1724507739375618
1.1941239552772152
1.2174943344054567
1.2383080897902539
1.2494237201159022
1.259729892847907
1.2626289504091426
1.2645242910544778
1.2613653920895893
1.2545853320772962
1.2392547467816437
1.232069713056755
1.2230743674575337
1.2103586316888675
1.1957590133860079
1.183205602996008
1.1736701678551993
1.1652636022978096
1.1570399750896572
1.1480589796736311
1.1377692956950667
1.1278422529406742
1.1167572347970038
1.1084445327062011
1.1037995742202005
1.1062398215942573
1.1102429573683452
1.109239439210648
1.102547650200379
1.0961039635884307
1.0921193103824995
1.0852559502350756
1.0745642407985267
1.0615623410041444
1.0532072304231546
1.0465728971982264
1.0369800464986136
1.0270933881060997
1.0137994778110773
0.9955586764233989
0.9814633930326018
0.9586866558650414
0.9398251741219575
0.9249027412695887
0.9155787409715004
0.9118350963833787
0.9048843205119019
0.8912725596459911
0.8724081978026504
0.8499863914331359
0.8290161130685045
0.8159230092219008
0.8052751741215587
0.8015177687654355
0.8005269484262637
0.8053556606086968
0.8116500205458401
0.8150076119187001
0.8142140551868909
0.8105919331022725
0.8092147821518293
0.8101236589256231
0.8131192647370039
0.8150786398356119
0.8214766675034589
0.8301451895138563
0.8391981647570219
0.8483175173284867
0.8606349641864721
0.8707141535632146
0.8712315175526651
0.8742666158449289
0.8785344989810362
0.8841300567461426
0.891995111714926
0.9002649539893731
0.9084517441146202
0.9168655851947475
0.9245076292082839
0.9297142561322711
0.9306772205570933
0.9300766937619755
0.9269457802449168
0.9272659478926149
0.9285067690131701
0.9301768354662182
0.9315868070705886
0.9312378563823546
0.9292559275116392
0.9324333383341348
0.9412185306985016
0.9510690027253873
0.954946117351419
0.9600205663900447
0.9607706185102611
0.9704792825568759
0.9903781712849041
1.0169362163097648
1.0475455756502436
1.0768360220792752
1.0927944688234228
1.0956327911231838
1.0920413021927267
1.0868142620696755
1.0808813964002133
1.078047975864812
1.076101190132334
1.0741746274671002
1.0706825300220502
1.06240772136288
1.0532497377649301
1.0446321297966576
1.0402689676587777
1.0394560006451103
1.0342426791653174
1.028995288071576
1.0229928371214676
1.0161713746620862
1.0081860600948427
1.0007351159448032
1.002040118475307
0.9947425424124394
0.9875432798275129
0.9845149478491226
0.9810620569411281
0.9801035443252338
0.9844452092431779
0.9909006767637071
0.9950092582267971
0.9913065355895583
0.9885487471943222
0.9865924024583902
0.9860185996968347
0.9877475283831305
0.9941480785787963
1.0015645309903922
1.0092564281912813
1.0153001548550566
1.0186116999526347
1.0222081775685152
1.0141519655807534
1.0157856569134638
1.0204815849097504
1.020809341770165
1.0162565463680595
1.0125380666376662
1.0252323242085641
1.0513036372973792
1.0674325884881053
1.0686698999774011
1.0531162293375766
1.0502429054987423
1.0684912613525361
1.0856047675820593
1.0910828277934874
1.0734306234041482
1.0706980155963137
1.0680314187041178
1.0669943256890912
1.0556621781463102
1.0311988850425666
1.0045214017615784
0.9836912361015998
0.9687492695474195
0.9566101117955729
0.9500768830791162
0.9493747033713423
0.9508010254799476
0.9493764297254269
0.9470750402197541
0.9512478851141739
0.9562397173107161
0.9648884057187449
0.9676649195456052
0.968382872486872
0.9688192873468086
0.9640806799184471
0.9579262701949269
0.9602253040567141
0.9571409062911709
0.967855538488656
0.9781072071595712
0.9788281451124216
0.973361520145723
0.9669182920390131
0.9578937697045249
0.955102699492934
0.9569959803013682
0.9680166252966323
0.9828729151304736
0.989397345145838
0.9915521045820154
0.9901356688067195
0.9850817110862554
0.9747170651360721
0.9592645217739001
0.9440703058125074
0.9252874735941989
0.9193770333769794
0.9250657717704818
0.9423535938338279
0.9669357763490832
0.9853264404974865
0.9902579886547236
0.986254185019562
0.9744730888446586
0.9664481887262298
0.9671608005443626
0.9726391371458036
0.9801814919303458
0.9825901030351107
0.9787814049726745
0.9725004732826321
0.9720072458242651
0.9772152589366591
0.9831569824862015
0.9846740284336373
0.9785779865214344
0.9696928127773514
0.9582096236786455
0.9542447565907829
0.9530062880810661
0.9509153938546533
0.9543782282563584
0.9578630197570525
0.9616828354990165
0.9626438579098021
0.9658509927969043
0.9745516560476478
0.9752763955942755
0.9749675980107507
0.976592578579639
0.9766120753798219
0.9757295538542189
0.9741478526471506
0.9715519511043017
0.9629921771943629
0.9429871374713344
0.9137602112694195
0.88221025429628
0.8539461877662426
0.8311232483939435
0.8149820617362092
0.7999869091831271
0.7878293452056243
0.7800816266082934
0.8073259293500911
0.8459389350068776
0.8951405267292415
0.9339105822963645
0.9482807241522528
0.9445419621279167
0.9169070883155114
0.8759589187825149
0.8542562132707137
0.8557671547824257
0.8624184230898869
0.8937047355066887
0.932358464118769
0.9596689034053774
0.9662382911242887
0.9493108007138891
0.9322293163945381
0.9275189460804326
0.9176554188251533
0.9105657969201185
0.9506459401332232
1.0529451399189826
1.2476874154031228
1.4908574654964353
1.7491476098401422
2.015262785795962
2.038208931679141
1.9713528122561699
1.8828136636342783
1.7947468055060463
1.7299762140013994
1.6712605379394754
1.6196734864494153
1.5779423780209505
1.5314268047896291
1.4758851279036058
1.4246173609113135
1.3695515240488152
1.3266252766702045
1.292720753458219
1.258139027090621
1.2279603255292546
1.203284193168827
1.174518016098678
1.157428775114246
1.1510765352478194
1.1451336120120228
1.1530487809839043
1.1535716802680873
1.1548199316812218
1.1510586245489798
1.1497332234358348
1.1436135431641263
1.1350895404242565
1.1214493282939249
1.1129418187106608
1.102025428015074
1.0946535587136201
1.0868924558806823
1.0793263945301421
1.0691905038384653
1.0654396336287757
1.0629660510216263
1.0638471718300355
1.0616656971962015
1.0606440025430042
1.0588858196024498
1.0575153638760455
1.0511793594747771
1.0380601665586386
1.029893302046464
1.031256937859302
1.0364792978673498
1.0337925003769983
1.0293141226050273
1.032073297042424
1.0369629998396634
1.0450103136431073
1.0507928769189792
1.052816450731069
1.0491764893667332
1.0479895948193423
1.04487389738227
1.0459377316138243
1.0434269563210687
1.039049764896678
1.034601208979768
1.0297447265229513
1.0252474751505594
1.0163796556459936
1.010381927920178
1.008569466250156
1.0081354509416955
1.008166281824869
1.004667842886634
0.9998812895489522
0.9955126395523589
0.9927438973231794
0.9912983031936892
0.9898972552869405
0.9905998850331484
0.9940703941856845
0.9877224432081266
0.97793951385922
0.9749007972768108
0.97360988715028
0.973202814313056
0.9780290034150423
0.9833382662815559
0.9833388142308898
0.9802121223823966
0.9774246948872395
0.9800247994064393
0.9756310069614554
0.9757724407341883
0.9808002698953818
0.9811058428231508
0.9848852946610672
0.988108417813017
0.9896552773720999
0.9916311283448445
0.9973352615010774
0.9949900519124726
0.9890958915819705
0.9844532334448263
0.9761779786385738
0.9810432598226914
0.9982061869765765
1.0115006103042854
1.0214469903115613
1.0258697783827577
1.0331654809641087
1.0302797997449362
1.0385932844094816
1.0466962210257702
1.054529541426829
1.0631526511087135
1.0692376873412783
1.0718245785753706
1.071652802773736
1.0704022725587368
1.0737735106495783
1.0752275428804936
1.0725001128843341
1.072063513777531
1.0732527954658342
1.0769026409455065
1.0795990506567152
1.083015860577432
1.0809284408790376
1.0793652661865147
1.0816433999092807
1.089461811041011
1.0993339653005576
1.0973843092966684
1.0932868462721679
1.0844410358456669
1.0762923058614033
1.0729760894796123
1.073917652440673
1.0751954009180256
1.076811838289203
1.071953038218462
1.0761826193555395
1.077069499773812
1.0708808228399027
1.0568173204245281
1.0340902060895343
1.0077517797863944
0.9829774958439309
0.9643932304391915
0.9491280266118678
0.9354534520321995
0.9209118627866583
0.9115770739421947
0.9007877669170249
0.892089555946889
0.8839076439328746
0.8736480289325258
0.8647965282204001
0.8677946242395241
0.8690702505404896
0.8792591184209243
0.88943219431928
0.8977125576161952
0.9046596325071946
0.9111486133133493
0.918869129777394
0.9301827310014462
0.9490641053951162
0.9772200204015937
0.9969103111124802
1.0284256623921113
1.0464052425269141
1.0716348811242953
1.1032373264712267
1.140437907515761
1.18951184062344
1.2271826636617502
1.2525965015526568
1.2763336129406808
1.2907915284761176
1.2924171508028426
1.274856436119668
1.2509942116736648
1.2341550203293614
1.2266336936743911
1.229285116706684
1.244180197555493
1.2552251061847972
1.254940119471458
1.2438687748975403
1.2297211097096779
1.2145925638464952
1.2082775583893417
1.2047478074645899
1.2021810902696008
1.1985063558046434
1.192948484619241
1.1917134757988725
1.1866380904589198
1.1815804037524418
1.1685599516364453
1.1602996063821587
1.1544506623421193
1.1460020901492431
1.1474283554839957
1.1358142756353091
1.1429087760612966
1.142720669428397
1.1352393657858186
1.1310304859927727
1.1253910957784508
1.1149335736412402
1.1006303430153592
1.082356365013606
1.0665803422136444
1.0531031874162107
1.040466294832286
1.0273910610504868
1.0132584497572033
0.9980557150809756
0.980336508736331
0.9598889892048895
0.936242844225978
0.9141577939488513
0.8931789107666529
0.8704692954350427
0.8484032487335621
0.8287041845464921
0.8135444521148095
0.800126474155596
0.792139614308357
0.7924460609985214
0.80093690626821
0.8080054150587817
0.8151875608825172
0.813767601562699
0.8111456478908405
0.8112925292266412
0.81442330336223
0.815847745198187
0.8145304023745557
0.813215876875309
0.8068742640694047
0.8088451090558775
0.8215217292287686
0.8342598725051786
0.847774719668558
0.863770382825414
0.8829380584515305
0.898131438234909
0.9084005787541055
0.9155620057811918
0.9187213402304387
0.92140748649959
0.9259996039691363
0.9285533369311366
0.9227691919961923
0.9111780492654197
0.9058531580436263
0.9102753958306523
0.9195031873740759
0.9352387304038827
0.9468575389679699
0.9586330723103962
0.9632259832043529
0.9749773656308506
0.9720885026438212
0.9684663787157377
0.9699168586165264
0.966792511166154
0.9681872755554529
0.9746433434428737
0.9770238264629821
0.9787449626339467
0.989104957003014
0.9814080566093747
0.9801380851112594
0.9752838595270223
0.9713525721814137
0.9713668051935346
0.9730361188948403
0.9750412406331127
0.9778916774212157
0.9810480226869974
0.9834858459097724
0.9833790000570214
0.9848408049227718
0.984949597624422
0.9844583444876136
0.9870701347913858
0.989430132368616
0.9862674630744629
0.9859167657310092
0.9857078161449951
0.9845663869498608
0.9833327045477636
0.9834113352936682
0.9838721363112917
0.984793994407826
0.9863389858178909
0.9873163749913679
0.9902848506640015
0.9922404930019959
0.9928361091559019
0.9937438284072274
0.9943153439642874
0.996877574308498
0.9981719512241085
0.9999665529236842
1.0000329351364998
0.9974768636374162
0.9973142125833934
0.9949323563065505
0.9946476773037063
0.9954323995524273
0.9938086331649995
0.9917472913651442
0.9902179102964773
0.9861395564143769
0.9809580163342762
0.9750396902854077
0.9677917906687861
0.9659389625903457
0.9724092255462526
0.9815876828623247
0.9864125129645572
0.9903517961983801
0.986491371460506
0.9766312115329054
0.9691770723062455
0.9686752091722759
0.9653275398324442
0.9593190469903855
0.9499759869917382
0.9357101427843634
0.921813004233049
0.9160243766458623
0.9185397311726955
0.9263138264644578
0.9334430955281163
0.9388271430335373
0.9357664622510039
0.9241493603458103
0.910638463635981
0.9076274688684006
0.9192937062576476
0.936838944665535
0.9422421368487265
0.9388908856752944
0.9346102406211231
0.9350521394570273
0.9401640365079033
0.9498760929262967
0.9527479717055655
0.948629398110797
0.9394557522064102
0.9383169873940328
0.9435521805264055
0.9589679622109539
0.9711533167214658
0.9692048774918337
0.9635749424551903
0.9563613190016839
0.9508294235424881
0.9604580695116053
0.9633902397474654
0.9565350459474633
0.9403135840820503
0.9143085635977184
0.878561963311797
0.8382029185615418
0.8157700586456659
0.8068462198250015
0.808600238377182
0.8254773951415726
0.8548412560255074
0.8808130524482798
0.9074156791103083
0.8901845489970829
0.8890015009930893
0.8784301496564842
0.8527612399863208
0.8636153891097379
0.9044036075582883
0.9876060234354768
1.065907879965427
1.1230829204357056
1.1632907137303865
1.1702251655183729
1.1664704980917162
1.1623098483178735
1.13899154198472
1.1840370076312192
1.2685814415150796
1.3411336516191046
1.4209676218691383
1.5126612656378136
1.637035500247682
1.7976020232873764
1.9402787381006343
1.9645894265130268
1.8985813977585215
1.8110381512507834
1.7315137489637968
1.6600746699242208
1.5889672392009606
1.5188098160144543
1.4647477068042027
1.4160832860178325
1.3692022219689357
1.3245332363452433
1.2874163273480816
1.2602971295104464
1.2391256471350234
1.2236070669620234
1.2171898590171153
1.2191021390316545
1.2155494792227852
1.2111549739422343
1.2025710525742304
1.187168878136727
1.1672044650366675
1.146322228821212
1.1268837347070022
1.1074706701251285
1.0905052177185115
1.0816949223410628
1.0715085457936082
1.0645481981835156
1.0604611441773053
1.0587143463921944
1.0619293207915061
1.0683788571497674
1.0716066433023603
1.0752450788802248
1.0769893692471102
1.0787818710270753
1.080783864318416
1.0809930955192835
1.0790840319453343
1.0783250528046233
1.073922421755621
1.0670426980320273
1.0667575873793451
1.0671310374155625
1.0703761087693395
1.072641373831389
1.0679737229677055
1.0600130707275273
1.0491961158528766
1.0380230698986088
1.0305242906821879
1.0255525394420746
1.019081394877661
1.0133872704032898
1.0041901796289796
0.9972356307749817
0.9943443941266726
0.9930146588574668
0.9925550081570385
0.9883975147843347
0.9865403308241885
0.9825539160850636
0.9813931080523502
0.982698916272046
0.986300647015904
0.9881662453415924
0.9902536401640231
0.9942140955558283
0.9940819317165367
0.9943826737601104
0.9903578368162197
0.991391851659095
0.9922505151073847
0.9950128590961816
0.9994133211048335
1.0067052859928685
1.0112975701947062
1.0104556934013076
1.0075678976999176
1.0033069199730336
1.0007490867280713
0.997698378336342
0.9886161587603491
0.997345518008309
0.9992061400000165
1.0007913095626637
1.0006791361527425
0.9986973475411436
0.9964308976821026
0.9948268145051621
0.9958928791547631
0.9950794617077249
0.9945960645185047
0.9915803226373103
0.9953830985163736
0.9982344330313566
1.00462722086375
1.0102228942754898
1.0121506876044764
1.0109956565658484
1.0104933729339143
1.0098215829921162
1.0040502708313108
1.0037358666531608
1.00897399383799
1.0074385094733207
1.0143983933819998
1.0181143052821782
1.0208621063079102
1.0189346368417675
1.0209707898266194
1.0196165861988926
1.025034623133808
1.0207035164240317
1.0146981455151618
1.0000231955440293
0.9949581489407984
0.9941659430957415
0.9724116028521713
0.9664025259125637
0.9640872154059029
0.9660424453057452
0.9761211388298883
0.9908095153255819
0.9982697272923743
1.0033170522403778
1.0120377925437436
1.01854395281625
1.014083524528866
1.0080842259657892
1.004630130074265
1.0044539705726891
1.00917014240546
1.0150345588137084
1.0200445852859743
1.016132045986958
1.0092898796303518
1.009971668338001
1.0160126362066537
1.022060710567105
1.026091258395475
1.0316332255047076
1.0375569290263758
1.0414213241880803
1.0446678612838871
1.042842394073016
1.0450746584165205
1.0515372820592395
1.0580344189677413
1.0628193961219694
1.0653761444964418
1.0693374408751284
1.0743190978836579
1.0787535792433338
1.0832220639532584
1.0856166104825844
1.087310964043371
1.0865075965665882
1.0837965723328806
1.078970074708451
1.0756085044875376
1.0821506604386322
1.0889171881910533
1.0957440308080502
1.0998986767944012
1.102826535158018
1.1010953218390922
1.0956206700223623
1.0905909025560552
1.0894004302916924
1.0896800770261417
1.0831332495092896
1.0768723431384406
1.0723135723162376
1.0674370816458048
1.0590728161796858
1.0424450867223896
1.021563236326987
0.9973373788276617
0.9735212949188757
0.9560149356457529
0.9428313673442151
0.9317562314122619
0.9208327382655489
0.908148834578818
0.8947516553475886
0.8843607587008251
0.8806823888736716
0.8852768299912172
0.8947323106347119
0.9016445285132768
0.9109811667763494
0.9234494811781246
0.9383543764379911
0.9542341508818253
0.9691128884278062
0.9757366338406931
0.9760584183433615
0.9808267077045459
0.9915184761945408
1.0089728686577857
1.0325107519705332
1.0547695763256337
1.0721462072954004
1.088244312084285
1.1048383293083814
1.127548930063371
1.1428071652129885
1.1488858862242042
1.1454659733530705
1.1346161066548348
1.1273342359200538
1.1265879918810475
1.1308748251277285
1.1449233052434307
1.1601922031979142
1.1749423963390766
1.1829287730686524
1.1893883800318976
1.180641186012357
1.1663943307894287
1.155625397695132
1.1487273790531687
1.1482527888420138
1.1598198885740603
1.167990404424348
1.1725187047491195
1.1761757368180639
1.1764478697486942
1.1729721788280583
1.1689683063442624
1.164140419454044
1.1602993437099225
1.1544158277323382
1.1486227508642881
1.1443150820411203
1.13997346913211
1.1318356987885094
1.128377723478337
1.122167227009612
1.1137526797048276
1.1011403381798486
1.0922429127032844
1.0850409409906707
1.0791187248444987
1.0752931249187598
1.071662123927714
1.0650459196738196
1.0572321059700636
1.0436914278830813
1.0285210745194318
1.0101156255405808
0.9846553630206227
0.9611710971191993
0.9386172280219122
0.9179712773662082
0.8985039098977357
0.8832867273661494
0.8743666237538669
0.8649376379097585
0.8533740124893644
0.8369601631977143
0.818741778486814
0.80476012649996
0.7948838131084099
0.787610458506022
0.7828972266514603
0.7848089890982538
0.7875526783152685
0.7910607652271598
0.7965069022091441
0.8030169045181544
0.8131449091905875
0.82304408026984
0.8320514111921056
0.8405567437282389
0.848784911814531
0.85808163752613
0.8682070045517929
0.8750154292833023
0.8740391173106481
0.8691147731340916
0.868261787846063
0.8766284204436059
0.8806852946420201
0.8995741058558189
0.9264855751096547
0.981696319955475
1.0229628757615794
1.0371218493050611
1.0356214057562805
1.0313693530198338
1.0448647803746762
1.0712017859272767
1.0970579340809623
1.1097891996321207
1.0947891692385388
1.0587201616088093
1.0278467512482732
1.0087198015256937
1.0023644513947458
1.009295758197055
1.0197648591254362
1.0311964276186274
1.04078506660697
1.040252563614972
1.0272770203303485
1.0124911884882104
0.9998119936791798
0.9911483097404289
0.9875327267570818
0.9873758682698675
0.9934685245400586
1.0012469777816824
1.0086705082632446
1.0111287226928978
1.014902390125095
1.0171298671392137
1.017659560996002
1.0167911588294114
1.0142323281057364
1.0138522513539734
1.0109827408747234
1.0108417661146014
1.0093038368696146
1.0091160611070455
1.0090869479885305
1.0107266927623948
1.0141672949170728
1.0226998791721664
1.0303742018182789
1.0363179928779678
1.0389910681722148
1.0415619545647272
1.0493995262921016
1.0587992207974257
1.0634405684029415
1.0652701415007158
1.062524853925514
1.0635914929666586
1.0573380845875202
1.040958586964685
1.021134283089082
1.025492812583714
1.0376954221939696
1.0400384613025413
1.0355294922114386
1.0274362741941974
1.0157161479763313
1.0025475565496729
0.9897311583832719
0.9779709190476265
0.9676567348499745
0.9593567282774687
0.957092052070271
0.9562089528346362
0.9577702548473472
0.9629301814590938
0.9685452162851653
0.9729968461572628
0.9747360434096415
0.9764372251431077
0.978906570123576
0.9876888793041213
0.9969602778450966
1.0031124107534806
1.0109386119860044
1.0254810683878186
1.0388323426902855
1.0456828203014177
1.031978338190726
1.0237203799113919
1.0168018918507673
1.0021999976478335
0.9867799729445923
0.9716094538318008
0.9573806519173186
0.9460020761096313
0.9421336601474489
0.9439172443900397
0.9522031161638291
0.9633066623561042
0.973223273799681
0.9865530564479283
1.0023834027354062
1.0168544864116293
1.0243259413387429
1.0267990228445711
1.0238131320676176
1.0152721034879442
1.0090381371385004
1.009501273246231
1.0104854664453375
1.0108681538662103
1.0073898962925958
1.0059525460612597
1.0066015244935755
1.0090278716516936
1.0116934880553763
1.0099785610014662
1.0063893081836022
1.0023172900742454
0.9993745278641687
0.9979604432659691
0.9967560982818955
0.9950963949169084
0.9937448185484822
0.9911095119485225
0.9880547070386839
0.9855140323689638
0.9822141147698179
0.9789874846885822
0.9763712519346249
0.9752068816713984
0.9715562316374305
0.9647868545105408
0.9584362971528418
0.9477754021405538
0.9343118937384604
0.9159931988507228
0.8946128909474929
0.8704694440595605
0.8465611668430131
0.8181337455015446
0.7958710664585851
0.7865712090518933
0.7846203497328843
0.7819511266670325
0.7815534793184716
0.7875724138337532
0.7985765245170441
0.8160602103170757
0.8364995444645923
0.8537095346490777
0.8621098108249069
0.8601626268761482
0.8577408648898435
0.8553626429044022
0.8636034116676964
0.8843184827283871
0.9085903710911062
0.933691588304616
0.9555863871703135
0.9616283024154618
0.963102973259474
0.9817701688926914
1.0135481793645587
1.0276179316019958
1.0263375217498023
1.0130066782923381
0.9843577892532909
0.9538030221323343
0.9240348324523127
0.892257178139257
0.8661008746726634
0.8598508508813049
0.9352796011939063
0.9440317022805099
0.995365374000727
1.0561855740966395
1.0967234183357777
1.1264154594335685
1.1839780220807627
1.2498293359375148
1.3084577300383295
1.3401714785212018
1.3326768437260048
1.2972047626707335
1.2561625035860429
1.2117140424541455
1.1609497633453414
1.1229950619457243
1.0987691801211532
1.107983913094053
1.1664549506573114
1.2323498183923804
1.3405995420764754
1.4672405539454692
1.6310207790210562
1.9188359347615338
2.0105411881298663
1.9449156751096055
1.8512313701119487
1.7637793073767816
1.7219985464281076
1.6939423784702656
1.6570679899897611
1.6055819708428414
1.5490814477262633
1.496306326062828
1.467092791515111
1.411302987278451
1.3560467418293727
1.3149174351959123
1.2800108700491595
1.2572891843681118
1.2313714789709602
1.206004528617517
1.18390877082938
1.1730201480397557
1.1646958790362143
1.1549087847851351
1.1525602445787484
1.1503347481999924
1.1424674640941619
1.1297269495957538
1.1170396039665234
1.1103052879502906
1.102284516981168
1.0945020546771522
1.082468177813347
1.0722532164407408
1.063163087311581
1.055818778636135
1.0514430230146714
1.0477335129309795
1.0438839646763602
1.0390529361369056
1.0356870730981038
1.0354862581017088
1.0322090838840827
1.0271716971351132
1.0250859120998241
1.0233699397821001
1.0236275528460805
1.021392460830788
1.0213607447362276
1.0175187283972642
1.014247250839793
1.01522947403735
1.0241252587260012
1.0287755596198134
1.0328285766644796
1.033746365531405
1.035127383003286
1.0388892794828688
1.042891789922454
1.0443685334393558
1.0428663788219068
1.0412404330592973
1.0408370975336518
1.039027002322527
1.037310509188353
1.0361084526124544
1.0356283512501772
1.035700958912966
1.0363908706890599
1.0342667611730059
1.0312942164737469
1.0283927701351108
1.0270646553465583
1.0245774099945675
1.0217395052898455
1.017543403914857
1.01487502874359
1.010866351915417
1.0073955484736312
1.0032111582057786
0.9955935756903106
0.9885814932391773
0.9859002764510522
0.9873396148062606
0.9855404178601784
0.9845148997789029
0.9840594522550439
0.9830647447929032
0.9813297000743461
0.9825702161202912
0.9855415280965687
0.9862365976800784
0.9902724851542056
0.9956959819684169
1.0005408051641043
1.005861415092177
1.0079392102924214
1.0041339890910075
1.003670902740704
1.0012384587401404
1.0019040861380668
1.0043035427188698
1.006844215061106
1.008907926887682
1.010470877620862
1.008931307455678
1.0085505297911888
1.008716001995756
1.0106424374415193
1.0130099962163437
1.01504952673706
1.0149564910141924
1.0116954725036655
1.008427000598582
1.006276274039454
1.006962246988872
1.0085958784334397
1.0105432080960481
1.0098197037024932
1.006671756886884
1.0064509606682528
1.005505300024668
1.0074699853436948
1.0089788838437808
1.0079090863170017
1.0092898736555305
1.011903475894583
1.0124213077743716
1.0098542730585225
1.0085190500701517
1.0074740064668215
1.007312711005161
1.0075514742842622
1.0026606188236882
0.9985193423067685
0.9963195204825798
0.9949449982373205
0.9933624256774108
0.9953327469752943
0.995742268777061
0.9979098980309179
0.9996078553559361
1.0006995978140631
1.0029231365879527
1.0016482044068837
1.0011924438100601
1.0014430129063163
1.003260890848412
1.004932062001612
1.0050568405329625
1.0051093664388522
1.0048118615861286
1.0024021620885717
1.0008721396427267
1.0008043534933777
1.0041714553208947
1.00712623288704
1.0120670223766846
1.0157851372751603
1.0158691609782446
1.012098194180679
1.0105573340371916
1.01047758979503
1.006389082855135
1.0018709009773632
0.9997062567177679
0.9988008181228264
1.0186597016261716
1.0218319092354067
1.0523998074918253
1.0461957311263954
1.046053268492171
1.0430285009249671
1.0375156733979376
1.031506001772929
1.0249216090610622
1.018758553293714
1.0174933467214802
1.0155080479969332
1.0137430315568912
1.0138408198717554
1.0141051762340147
1.0159588446883332
1.0174612543517272
1.0180830255096136
1.0199263216191763
1.022173553563935
1.0271905635894636
1.0297572904561496
1.0275115574503844
1.0246619750276365
1.0214112444534829
1.0174357147879511
1.0141182800943431
1.0098839073625137
1.0073768675558332
1.006974302571081
1.0067734702181206
1.004312705439897
1.0003779300749316
1.0018433380323162
1.0126502943883287
1.028080326659212
1.038454092665471
1.0396695073705386
1.0369852848073335
1.0313362251707476
1.0308658654161298
1.0234029157131455
1.0245447267547954
1.0292766206941273
1.0286857997838772
1.0277319541953092
1.0284547205180203
1.0292847182289429
1.0290230043120412
1.0272544780165422
1.0229490611352785
1.0203431614514271
1.017526454837255
1.0136406443840351
1.0102639312391177
1.0064877057902766
1.003436314521971
1.0007669125244851
0.9982791253257143
0.9933893800152831
0.9931890412547304
0.996662193618696
1.0004719659738122
1.0020651557071858
0.9973630546144807
0.9961518344993615
1.0035516676212344
1.0067588426139804
1.0112109884823839
1.0208670668039723
1.0282915304769953
1.03275303583121
1.0366151464928324
1.035689022817296
1.031891703263529
1.025340656904614
1.0190927626113362
1.010501520367037
1.0063661960864827
1.0030334169363346
0.9994163386149509
0.9959475906026817
0.9964301016589051
0.9964407322834172
0.994467095898434
0.9918030110477196
0.9897144349729001
0.9891266406046914
0.9887013158875994
0.9893239782092871
0.990827418329885
0.9906651499568777
0.9895383556438744
0.9907474117630454
0.9905839140576159
0.9948295036425915
1.0005197612726997
1.0054951271417307
1.0072656809568576
1.0098717490724998
1.0165849312169883
1.0241174452918769
1.0295143805516784
1.0289710271566868
1.0299556086287762
1.0296085889557895
1.0283406591314064
1.0185645988936503
1.010320530026844
1.0029790160457166
0.9983245997566116
1.0008124531063436
1.0113762595503597
1.0290989097867334
1.0461613661904543
1.0567821612402168
1.0562359215456385
1.0500715231391313
1.0414303708520782
1.0324021025184429
1.0241837778154403
1.0175185181183701
1.0136043270075314
1.0102465543897092
1.0100312284273505
1.0113294327581144
1.0154859897586708
1.0241744001724453
1.0308216314485892
1.0400236802941367
1.0454768581155547
1.0502701508104406
1.0551863392883123
1.058276376928696
1.0618308845806264
1.0667779114632667
1.0725891113240023
1.0730766671387697
1.0722725744639592
1.066087071776144
1.0589507438402213
1.0408970224413152
1.046547527911089
1.0570256028459646
1.0761216463148258
1.094005573487912
1.106109015070791
1.1085204665114818
1.1047121333205518
1.0934437956792837
1.0772010138842925
1.059279124004983
1.0426477345951548
1.0235214290268024
1.0045228153078478
0.984014497478073
0.9656440209757743
0.9498072186498195
0.9366049150444333
0.9239764382001376
0.9161821461816678
0.9116233870766919
0.9066436740715903
0.9117179208646548
0.9122361204439664
0.9150041517406095
0.925079973752263
0.9344061350351541
0.9404292393059429
0.9402392621692907
0.9317992884783904
0.9137752253071372
0.8982444539374931
0.8844801700964566
0.8778171911134002
0.8788587065649026
0.8857534605420668
0.8960455064369888
0.9096190064903044
0.9264622345791065
0.9441010882645791
0.9618253566141615
0.9840829627325891
1.0103323288185435
1.0478593899340531
1.0949681031488334
1.1337833608812142
1.1715517772296495
1.192799607341315
1.2275499748448229
1.2605091820987098
1.2904125981893504
1.3139410834221232
1.316390747905259
1.300726370996871
1.2854951670245323
1.2695945275202623
1.2614018325782161
1.2461408873715512
1.2225725386573112
1.197580610771315
1.1817391003024946
1.1682281438963462
1.1608685194519064
1.1560188366663384
1.1559786223795274
1.1551078797626404
1.1465593009664583
1.1396090496742621
1.1336268558043767
1.126842810796254
1.1209419318970453
1.1192171744797366
1.1187687516914775
1.1229636327251349
1.1265036307010323
1.1271880448638545
1.1234085964144194
1.1185578997737624
1.1118889980547755
1.1087544463103336
1.1325481616911748
1.1360426188433828
1.1372586124629303
1.1402203770550121
1.1389280191853366
1.128362844977804
1.1109718497648555
1.0893672494894777
1.0737369469291813
1.0645021148826488
1.049240691266795
1.0275281726220102
1.0017744472357537
0.9758351884535724
0.9503331603408275
0.9287699125061871
0.9133745415465561
0.901329782625935
0.8861183557674028
0.8718052450993242
0.8502811461094414
0.8358009761368212
0.8196900738008395
0.7993113524452571
0.7837605329355852
0.7662146931169402
0.7553871797371726
0.7556758412364193
0.7596637642573096
0.7649173085001132
0.7730245167048442
0.7839851124394293
0.7959524176070407
0.805046942139668
0.8137885105267615
0.8188200802656941
0.8247911747723744
0.8277220077796813
0.8305551423838526
0.8425432696668396
0.8513504901574271
0.8640842370921882
0.876227056545284
0.8932663468546242
0.9085599192268525
0.9228218986103176
0.9381326043762702
0.9450062376941457
0.9442646682632883
0.943247476570384
0.9479259799103397
0.9517351410564754
0.9480937933947741
0.9441979208051837
0.9357020909337571
0.92595873682655
0.9211157162390831
0.9154250594315204
0.9153530279531649
0.9241341305589409
0.9331893167106888
0.9417862261984429
0.9463815806208049
0.9505293511485969
0.9563609818259683
0.9486199383945522
0.9487487477578566
0.9493731414273988
0.9463192686972939
0.9459840100155259
0.9496214123863793
0.9552241208231519
0.9602142766521123
0.9625321986124011
0.967152706446975
0.9704398710361425
0.9716355550558782
0.9724905749482818
0.9718642362450336
0.970844456332344
0.9693469643798241
0.9683084945772663
0.9675172319861343
0.9666963336185408
0.9669717805651661
0.9666344956681822
0.9676017944473343
0.9656882397402643
0.9656326905806604
0.9638101736288923
0.9609668041473369
0.9603360311763968
0.9570390521124882
0.9515996023527961
0.9435430388759447
0.9386598091031403
0.9346897197979364
0.9307822317341929
0.9302238898192251
0.9327473775204712
0.9260331216967583
0.91302291184841
0.8988628447610053
0.8818029414987
0.8619441846358005
0.847326186436142
0.830769804317952
0.8165488836542703
0.8032660006681756
0.795351135637885
0.7972516971591258
0.8092530806327793
0.8269427668139819
0.8391188612107623
0.8438418580561543
0.8303745804088802
0.8098601308853769
0.7960111282887936
0.7900381306386933
0.7940944291944216
0.812405065299775
0.8387776103834536
0.8512711862825385
0.8331717956971212
0.8118662222292109
0.8236267147472076
0.8456394125804735
0.8921979983587995
0.9518442252539856
0.9708952214479667
0.9656401839875607
0.957908516936925
0.9873492524118098
1.0124061079421425
1.0025848900181322
0.9777655797938536
0.9814838257129526
1.009691000567644
1.0658719811599013
1.1087654584057522
1.1430855053847166
1.1693234759432796
1.1910883761246298
1.2101516855717505
1.2163373895792804
1.1998533141911876
1.1835310389687839
1.2035994720829832
1.2293911843459904
1.2547760046491392
1.4367852447577858
1.8026080505200917
2.1298617904045525
2.1602106504701606
2.0810030878009327
1.9896315242650133
1.9488350705293507
1.932254285282467
1.8621246760189187
1.80554108791665
1.7460106530915582
1.6781482652556063
1.5986073871029587
1.5157504608946437
1.4319204416297469
1.3705100356316464
1.328004089421192
1.2980757422642621
1.270652729431928
1.2395769977654525
1.2186988905539302
1.2076841125010873
1.19974030148964
1.193530682055947
1.1914429929929011
1.1888166113117375
1.1800684917637123
1.1686812640986013
1.158954971521078
1.1483400615090305
1.1352336746770704
1.1235549857460023
1.1110569478631915
1.0995452490087114
1.0881481901786108
1.0777405559047293
1.0680492265327268
1.0579971487084436
1.0472658797643903
1.040467520970285
1.0382548322184297
1.040534876444248
1.0432013312624717
1.0438997910981471
1.042434234877614
1.0430215892510293
1.0457903108233284
1.0477287305196052
1.0528285713083285
1.0568538096970104
1.0589615861913684
1.0623654116775099
1.065990373526487
1.0707881023836778
1.0722348104437656
1.0707494484211675
1.0659589554802713
1.058478249063764
1.0503325570592736
1.0426906610466675
1.0404252905312068
1.0396068385680364
1.039633226906856
1.0426811413932664
1.0410750065798409
1.0383646508800632
1.0295849246039808
1.0180055429866746
1.007429393528951
1.0005886101589698
0.9966422041753243
0.9961648625596112
0.9971051769523434
0.9993146445473949
1.0010380018410474
1.001284363158833
1.0007202293575574
1.0019662932177016
1.0030769406855744
1.0053479791779731
1.0074880907857393
1.00971419984175
1.0060864311317295
1.0099091593470144
1.0061016775092406
1.0025260595127052
1.000418754097424
0.9956843336209974
0.9899692405903079
0.9873493416677637
0.9899339913432122
0.9913343786333996
0.9926638666366422
0.9951626941441977
0.9947288884896927
0.994617068412358
0.9923842607330416
0.9906235501071937
0.9924509534904903
0.9944544601555787
0.9973833984475327
1.001592139363259
1.0089833260985386
1.0221731196354757
1.0272291455131684
1.0201906567954429
1.0100802650255876
1.0018117150677588
0.9955415364651884
0.991886588902415
0.9901976980608218
0.9934691976909726
0.9947828742330547
0.9930010263040164
0.9935760487351056
0.9908675581088559
0.9891374533704245
0.9891884061290341
0.9960325554384756
1.001971968656269
1.0052531557661433
1.0102322856640653
1.0163694135468377
1.0229479821403051
1.0238054178623495
1.0155806287925948
1.012658742650833
1.0124590183757922
1.0104639715406412
1.011004551419047
1.0114564014050238
1.0127786353371495
1.011227424921219
1.0073638906692521
1.0059934250133222
1.008817113695987
1.0173337294164708
1.0281244930901847
1.0326183958150632
1.0318949445189387
1.0253022985410214
1.0224336304628243
1.0238857506917807
1.022489108078548
1.0218527834459443
1.0196482237053741
1.0144855927860095
1.011541243878968
1.008067947942977
1.0051922575593353
1.0065361877722678
1.0083585076512738
1.0134121257752453
1.0163380631479688
1.0181388928905284
1.0186987942874761
1.0151063403796579
1.0203235113846505
1.028374558131504
1.034838016559637
1.0429749067476652
1.0621032436199445
1.0673734842259506
1.0708287065522824
1.0719758072810868
1.0718669358617794
1.0729195262468803
1.0727045689746133
1.0691627141262432
1.0779788505287646
1.0842770771130654
1.091069874008793
1.0935854542760917
1.0909107758075078
1.0869182358842537
1.0810566868359688
1.070662557380522
1.0623485388661598
1.0591505691384318
1.0591640898263142
1.0632788175974888
1.0624972835048034
1.0559222765720742
1.0500551497245068
1.0519110443166364
1.0584736843344014
1.0650283964093914
1.0671262907250245
1.0623929555828635
1.0539830049079135
1.0439832016776511
1.0349146665585764
1.0248071608733882
1.0139145962675153
1.0129934826910019
1.0215463045588022
1.0345261193759556
1.0473891205688166
1.0551101665144953
1.069002845350647
1.0782981358237247
1.07922828187238
1.0831713370177634
1.0920947914670693
1.1034916714825704
1.1185016284542137
1.1341547055757675
1.1425702896875232
1.1415305415572197
1.1391920271368094
1.1418578178682832
1.1396227141437743
1.1378431328969691
1.132959288267507
1.1266524898195804
1.1264204934098199
1.1207589746704625
1.1148319711234416
1.108154942399374
1.1028794707715657
1.0998668907169586
1.099334575733609
1.1040106184727778
1.1121508820535875
1.118121035256218
1.1192534619074979
1.1190165709640718
1.1190157956824778
1.1182527959161892
1.1183558137791119
1.1190139174165659
1.1224071899625867
1.1275674111552858
1.132155510321274
1.1329254483618045
1.1321684212790926
1.1273292411866669
1.1196373176883339
1.113687623792883
1.1028887484457455
1.0879325345827207
1.0750967234651625
1.0575274775668213
1.0385680784031015
1.0169148924849496
0.9919459653629484
0.9712479342648518
0.9503438408816355
0.9308981066887413
0.9129938818337492
0.8968359305631413
0.8815695759309243
0.8671061731000907
0.8488072066886772
0.8364618619985799
0.8342562471348817
0.8341630483399665
0.8400963911622962
0.843691392348423
0.8467872636731509
0.851024247882295
0.8578483243100004
0.8647792821790223
0.8508312408583081
0.8172964125974719
0.8021121881746435
0.8123809259279987
0.8254513731198013
0.8264865841210977
0.8265385895308278
0.8254327170924353
0.8384922623865942
0.851383082464347
0.8597560348746778
0.8654781007111425
0.86987973295182
0.8744587956572034
0.8813104348085044
0.8861687928828494
0.8921100835060478
0.9033474775964226
0.9106160324884086
0.9197778536124563
0.937060701798373
0.9411929697012791
0.9399580409767878
0.945193217838375
0.9547113230745814
0.9509609454514668
0.9618009852211687
0.9541302012226747
0.9562147170515497
0.9584748282265093
0.9596438560300176
0.9620623169804193
0.9630645931424884
0.9587219059842145
0.9520796766188102
0.9498276507807518
0.951646785330129
0.953272090436453
0.9554044185810465
0.9588449917677031
0.9624497990438615
0.9665956414953605
0.9703260279386189
0.9703463280340614
0.9677261915833048
0.9649412448747438
0.9640866484896585
0.9641399533171197
0.9654998271071661
0.9636629459264338
0.9597412021105586
0.955783831803858
0.9525612348215595
0.9494302959351018
0.9476447927757836
0.9493422405476039
0.951351751322509
0.9506601983712915
0.9461714606975572
0.9428794996546788
0.9403510600713613
0.9387386201167911
0.939280559412158
0.9371015966178856
0.9280124205943566
0.9166586358063877
0.9138963139702431
0.9210189153766126
0.9365027754762018
0.9541083145198249
0.9599923464141827
0.9501189289570267
0.9399047077951671
0.9362671074977164
0.9437860045578202
0.9516757001745725
0.9534380719769775
0.9487450506036731
0.9463159008349546
0.9504585987661806
0.9546028333963631
0.9575765327873822
0.9523486154217534
0.9448708411531446
0.9356528177777611
0.923521489107178
0.9168642903412391
0.9148506203792203
0.9144834980575122
0.9123805638214647
0.8992606212448396
0.8763465221768322
0.8505742550199109
0.8338030349859596
0.8299024251654857
0.8260747681058959
0.8154101266771232
0.7988624195920384
0.7917060493600172
0.7730886644130485
0.7448324661565521
0.7503771894662861
0.7726744929687798
0.7638998871217488
0.7899432245770485
0.8490546035183969
0.8995292408324762
0.927863380040198
0.9453749379989016
0.9653841134968242
0.981175676315793
0.9980024052295822
1.0133935905882334
1.0130975927517818
1.008711376230432
1.0100795866658414
1.0206719254528014
1.0484966717836028
1.071655975883321
1.1251188207955576
1.2359004079739095
1.5021295388934819
1.9504197488125803
2.3449373275605407
2.312772735659976
2.1261432171919155
2.0094003874288964
1.8962197613595158
1.8378164987743129
1.847606275958322
1.808430029837308
1.7396386861514435
1.6962752495220834
1.6631844994041864
1.605781933064567
1.539549603749146
1.4850941131402176
1.4421231889420552
1.3940493544436445
1.3544973275999064
1.3190047373590743
1.2805557472168703
1.2457829123829598
1.2205333951104973
1.2001023269071398
1.1873654944435401
1.1711463499340962
1.1548065997767383
1.14052758528904
1.130805578159521
1.1264489133330693
1.1211657166073261
1.113705730155425
1.1033071428378922
1.0956468270643782
1.0948536846339436
1.0946070368235339
1.0927848245444491
1.0895093803566915
1.0828690672759118
1.0723783744878363
1.0609277180443735
1.0513203880816198
1.0464325353981039
1.040157001039836
1.0344047541854342
1.0297436627052452
1.0185737709637925
1.0156844522084747
1.0186573980149203
1.0164858459454738
1.0140417626475322
1.0199404428612544
1.0321707183338984
1.0439920768183022
1.053229543234321
1.0559255810228334
1.0541608360489472
1.052204248085623
1.0517688539880237
1.0516906107774888
1.0530939174348928
1.053358838505516
1.052447322448076
1.0503289546283312
1.0477776980211768
1.0460074893015985
1.0429488165808318
1.0410163100686054
1.0403435530486016
1.0376999178660042
1.0327087923913179
1.0288336126103965
1.0273482336848334
1.0259971709062532
1.0251695917115713
1.023842233537753
1.0187203415059196
1.0170454428287363
1.0165392332675438
1.0143408752001781
1.012986827157801
1.0137322133353377
1.0170818677697626
1.009127300365643
0.9978175212080328
0.9995070181349927
0.9989372572887208
0.9968748695640225
0.9972824339502321
0.9943137935186375
0.9878886153253855
0.9840989122237302
0.982134560105148
0.9837497360181705
0.9892286872051635
0.9935745144016895
0.9990629964147189
1.000995633831155
1.0036485889315074
1.0078377183604983
1.0084417561367138
1.005230335463635
1.0019994569967623
0.992379882075744
0.9815173242384428
0.975536984372355
0.9684187921117303
0.9634878400638829
0.9623239947964486
0.9672686141425342
0.977357069595666
0.9881552731703409
0.992804509945897
0.9969401181792817
1.0066330129084187
1.007621401056887
1.0040977921642027
1.0049233257348484
0.9994267227290159
0.9959479512428335
0.9899394854370289
0.9976638024626658
0.9988251402991554
1.0051164026194868
1.0080267893949708
1.0142594695870857
1.012339240467107
1.0140706282773382
1.0139512191470872
1.0171314053753653
1.0214587222626086
1.02480320938017
1.027944623828539
1.035592234682632
1.0400255165848313
1.0444174936137613
1.0488194038225271
1.0523062561074707
1.052657115251854
1.0501587508647694
1.0508881309159424
1.0517530108904884
1.0511705875445871
1.0525770729311184
1.0609726067856584
1.0694418129309378
1.076869501312755
1.0814771820877935
1.0829892327622614
1.0813946417616722
1.0743333180106598
1.0672578241091148
1.0585258824815427
1.0485333411140332
1.0376245847709902
1.0308983809004948
1.0271104384982122
1.0227212070070146
1.0200827009272893
1.0151286755372897
1.010591963604086
1.0086841471125287
1.005978019943006
1.0036647452625491
1.002826958758657
1.0091978957197771
1.0182939282900059
1.0277856610207075
1.0321385736203987
1.0323949263160352
1.027273191066089
1.0231744324026406
1.0157685882286573
1.004265080570799
0.9945064629110096
0.9836570428272807
0.976890488448838
0.9727250703003683
0.9702055232600241
0.9631705493899634
0.9506866306762448
0.9377606717284369
0.9261263656028997
0.9239627861596816
0.9272989610666668
0.9353329805861041
0.9502791117981217
0.9742137427326728
1.0036799847352278
1.0322017195522932
1.0546246700150197
1.0710729495958053
1.0891579785134253
1.1075282005535816
1.1281388622907622
1.1435226381837909
1.1553475688030976
1.165051600206813
1.1669298204037442
1.1629751308541478
1.1663480353999278
1.1629291235901935
1.1692415315669538
1.1760734854909882
1.1775734276216163
1.1736412632796778
1.1706008677831736
1.1721232856108366
1.1708613689780518
1.1723886980665383
1.1644310736057504
1.1512483318278417
1.1433003447140608
1.1430104404733277
1.1317269946158406
1.1252029710320393
1.1234321733996984
1.1240302541717948
1.1243245889022524
1.1225829858850502
1.1159534453094853
1.1097086948233232
1.1055094750862746
1.1043479603259139
1.1023048162249596
1.0979483947915958
1.0926279405242636
1.087681467783645
1.0838375171059573
1.0840974546278905
1.0822645176980428
1.0817126302517985
1.0764653616611857
1.0732080471788312
1.0708061762070953
1.0666070272476345
1.060093460047788
1.0487036298004953
1.03511705939091
1.0216030206432114
1.009919828003719
0.996013039618959
0.9825770853673164
0.9714489873198489
0.9562383931795395
0.934705964612654
0.9084313934702867
0.8823569412855652
0.8541657139283892
0.8301565809011824
0.8092148431662192
0.7944810348556747
0.7831841804997794
0.771199058030938
0.7700560283167136
0.7818005020220601
0.8027493309586362
0.8364621388798035
0.8688486455730999
0.872059356609533
0.8502638213745223
0.8249495453903936
0.8031224288224516
0.7851360867321571
0.7712125385333762
0.7882745036433282
0.8135238963567321
0.8459251037607188
0.8850167299616511
0.9089870384720051
0.9135023357228479
0.9168679475640651
0.9081976223341943
0.9102913131421624
0.9076429115837871
0.9047933127099629
0.9093313274399556
0.9204081624484265
0.915580184890949
0.9230344466910669
0.9325221463981148
0.9372021822389341
0.9392029960548439
0.9366003595768299
0.9349350130006807
0.934946511391884
0.9402321573006478
0.9498219038752018
0.9597279543019573
0.9694530739263711
0.9764652773164098
0.9834430066369495
0.9857487087211748
0.9834664201377915
0.9805164568749517
0.9767674016587253
0.9744475154249401
0.9706584616569279
0.9638005797095687
0.9584902733707494
0.955696385920866
0.9586707956229485
0.9639010167214036
0.9692669864367112
0.9736834176042627
0.9780969134525234
0.9819139049646022
0.9844528287732713
0.9845616199788455
0.985066118605916
0.9831843941872378
0.9865431205178123
0.9874156599497312
0.9869865801379422
0.9892400885485365
0.9865084776450493
0.9786614929738686
0.9740142094071785
0.9731408332545741
0.9752788410121126
0.9794418986828713
0.982348575616232
0.9857320746496615
0.9822812180509445
0.968625735540834
0.9568872894971358
0.9473630174221033
0.9403581195181171
0.9415078583414952
0.9497212903153631
0.9594551489946611
0.9628632108962553
0.9590034049499078
0.9462183579483753
0.9270387014972663
0.9086160375470604
0.8898420847347107
0.8686417505649615
0.8453643551946827
0.8183575190213823
0.7975013559529898
0.7821206523172105
0.7817232581919723
0.8010055031670117
0.8381449272830939
0.8728568265694036
0.8889186642262444
0.8821963316318512
0.8660424261359712
0.8432993412559718
0.8200874499211719
0.8079986469287269
0.8096596728152903
0.8118402123918392
0.8032424607267409
0.7883010837522846
0.7776168197372172
0.772828519324204
0.7753745802071896
0.779527328313475
0.7845239587917152
0.7849277029910356
0.7916295805763993
0.821140362368515
0.896273063319851
0.9416151340938158
0.9615106541518768
0.9689852136114143
0.9898067505554787
1.0122502355247749
1.0394068433092827
1.069884795977719
1.1080446855735784
1.1700815018114834
1.2234908323184934
1.246592411422972
1.2589698624404801
1.2544101526002736
1.2259624112025331
1.1916355252761042
1.1660046687148737
1.153382573660329
1.1726985189747194
1.2209650392108713
1.3043331932230586
1.408898714835671
1.5313758764346908
1.6625096611096404
1.7915807537272295
1.8487110345643551
1.7929274032183373
1.668457259827457
1.535614409557381
1.4271046732215646
1.384711842420827
1.4186040737203105
1.418271676310624
1.3822199775651254
1.3391992295262476
1.3020276916739346
1.2781236077580593
1.250195508630008
1.224145807385966
1.1955386318783334
1.1787707098376758
1.1614524362189165
1.1474100869039114
1.1505600465640347
1.1446936719602911
1.1352835654923898
1.1189734098418092
1.1069601676616847
1.1021683315431745
1.112521898168972
1.1110116539325368
1.0980077300498268
1.082122752989285
1.0538483575164976
1.0418264917575515
1.0376172640641292
1.040764038662263
1.0385708150426913
1.03534331301969
1.0360228134053946
1.033273312695108
1.04149955567515
1.0520489676820408
1.0530468678803957
1.0497886050889715
1.04588974888182
1.0437320958434346
1.051429799996287
1.0596545383814657
1.0605865808290296
1.0557304644413639
1.048510412158347
1.0459218541316615
1.0522466409538005
1.059943695847744
1.0617247312359184
1.0606591496079296
1.0628996419661458
1.0670145240928817
1.0727426083648097
1.0770248540607879
1.0769151244593476
1.0756031933476515
1.0740508804225386
1.07316962610575
1.0704923247257796
1.064882289639406
1.0642040691927064
1.0614659813461698
1.0591188140129404
1.0554578645103003
1.0467039915629919
1.0377482567888405
1.0300668086771965
1.026031503029582
1.022636732844168
1.017908492277058
1.0144710778865558
1.0052596266628653
0.9933375941499304
0.9830326785520284
0.9765500887519066
0.9772164048472434
0.9773069266502469
0.9793911581134279
0.9857438436581035
0.9941453551829124
0.9991911833751768
1.003283954374429
1.0096399483571956
1.01617317416621
1.0235328343603582
1.027140811162492
1.0278289287230604
1.0261383335269019
1.025373923808451
1.026517763896563
1.0246366970600411
1.023703025022348
1.025415405283571
1.0276265559456177
1.0294711400818906
1.0275247195341342
1.0286477338896884
1.033170432818239
1.03666638143012
1.036493897332829
1.0349747530586138
1.0324503694116016
1.030683455266722
1.0297520630781383
1.0304178479227952
1.0324452127348203
1.0324639608205792
1.032497773634821
1.0325205465075264
1.0323734970274503
1.0323987647229702
1.033413401846738
1.034770722780115
1.0358651080367958
1.0353514201028355
1.033994242050985
1.03147253229798
1.0274360680878905
1.0237350054383343
1.0210911597810777
1.0194641361194325
1.0163262334455785
1.0148697988913555
1.0156411161377732
1.0197214145423206
1.0191945616571239
1.0169472590473172
1.0170921995386673
1.0177069524758688
1.0174284822376778
1.0175308800897946
1.0172784507561243
1.0170837228720264
1.0167668432077341
1.0165491053466058
1.0167899780301632
1.0166415821391506
1.0170146488477199
1.01729535766481
1.0173618718220132
1.0173021536523734
1.016618382343473
1.0152927953547317
1.0153957775802134
1.0163515128318472
1.0170388394473902
1.0179847554743828
1.0197193751310183
1.0198506194277468
1.020849605274149
1.022775378329134
1.0229448392793823
1.0217635801548801
1.0220168598832096
1.0236247638915505
1.0270652158824005
1.0262931089541119
1.0237669520546564
1.0220936502145315
1.0186987007996753
1.0168133114553934
1.0165522661345547
1.0186256873194783
1.0200363193872262
1.021865446621218
1.0201259760267318
1.019433367653794
1.0198533543464665
1.0235718927391568
1.0270731892808191
1.0236330375205962
1.0243161190408705
1.0261159244419318
1.0263811168797259
1.0303031722340272
1.0210857682902648
1.0206745926482446
1.012164016098133
1.006686633828617
1.000249891776355
0.9972802278076341
0.9952291078169193
0.9928710022245538
0.9911052276487795
0.9966213248503138
1.00208573726502
1.0013099623337944
0.9989814815922649
0.9982122619402574
1.0006966774844799
1.0025729250173487
1.0035797828448059
1.0052930786266137
1.0059604971514962
1.0066066439760404
1.008130933795407
1.008837265785588
1.0078076419363153
1.007757914627759
1.0146543292338441
1.0187333427394547
1.0149284220033423
1.0130802392230756
1.017463867116186
1.0207835655697302
1.0645771409833342
1.1245554657872365
1.1108649650892297
1.1043913966486851
1.0983285297049765
1.0942702392798653
1.0931165266809153
1.087444877276466
1.0792500575259079
1.0722976118241172
1.066568912835847
1.059352781740746
1.0539761177697209
1.0507011857239936
1.043977393745837
1.0416794626920967
1.0411685443776977
1.037071987617676
1.037655165370493
1.0344449009655639
1.0334928786855047
1.0274403622537496
1.026484623355074
1.027418691614073
1.0247384806234385
1.0235281403562553
1.018817057717245
1.0166335499296328
1.0198461324634078
1.0222150218104562
1.023431119933801
1.0387480129775557
1.0371332216537195
1.0369140364976188
1.0305466038145519
1.0295661167920522
1.0262977525569354
1.0228706859818166
1.0140166321375135
1.018643288792274
1.025077204129817
