0.1746230744725328
0.2505889308322084
0.3207757219332402
0.38274583867391115
0.4390823084381575
0.49166992292134315
0.5389167652683748
0.581765013373883
0.6200088308926773
0.6554850730323397
0.6870270669458198
0.7164107421715603
0.7431231741949607
0.7674072033071428
0.7894835934091268
0.8101137457777706
0.8284111496833091
0.8449417264783687
0.8599695235647865
0.8741918641010976
0.8859556531122297
0.897358338169181
0.9076209887382523
0.9169506710737715
0.9247230651653031
0.9326014400356112
0.9402208790745746
0.9465869350158829
0.9523742585988905
0.9575949587973921
0.9617766482906792
0.9669983515823695
0.9717453545748153
0.9758062559283966
0.9789372776102666
0.9818870877128508
0.9830506142902877
0.9848139226348634
0.9871260655252363
0.9890839214514823
0.9908637904753422
0.9937528670633621
0.9952523786420532
0.9966155709863179
0.9978548367538312
0.9995421488184111
1.000515362055734
1.0007951967073536
1.0009453611958323
1.0018944364270015
1.0026538053362708
1.0033441407083339
1.0039717183193004
1.0045422434201792
1.0050609026027961
1.0055324109506296
1.0052519195988106
1.0057060627651884
1.0016030339514133
1.0059031390554256
1.0055889451486253
1.0094313093891485
1.0059215896217149
0.9718838211246387
0.9753174197385337
1.028773088823124
1.0136833702396508
1.0632435844734998
1.0635812852911752
1.1628618002789948
1.1548606208517962
2.0007397951622603
1.9596343587570393
1.884084251831757
1.7648369126516128
1.8592881925479523
1.8875870805373003
1.799905766676776
1.7533108463471963
1.687982407913799
1.6251334953646561
1.5706988835920164
1.5180777965889418
1.4791157510806008
1.417093307575588
1.389015902419724
1.6326668950116343
1.5620695217408476
1.5102237562605334
1.4628066350729434
1.419234587127872
1.3804104737876106
1.3444536834596106
1.312542294698125
1.282297261254724
1.2553751598830039
1.2307852162736044
1.2087532060171062
1.187385120671801
1.1678661750800123
1.1483372266882412
1.133260826019608
1.133153272367534
1.129496778229563
1.1570851571114293
1.150014263932805
1.1720272036104236
1.268483571042002
1.3073321906293214
1.252521505173406
1.304892825290224
1.3450008708872376
1.3314433267774601
1.3227263475027629
1.4922789420370028
1.3604741661128383
1.238827485536671
1.153342826045336
1.0750133912154232
0.9872434930595695
0.9003688824724889
0.8237394955627518
0.8113966343763811
0.8080159652543316
0.8224460705119884
0.8506666509481668
0.9000170209575643
0.9505441938186725
0.941984518256999
0.9961989497504032
0.9678998409591585
0.9367471246259281
0.8937116872534006
0.8773299373734669
0.9189354554914503
0.9202194580498958
0.913857258368996
0.9225750025999188
0.916499574109655
0.9039096385277225
0.9012698004001094
1.4686905977554112
1.4502872996728757
1.3962539594354533
1.3711805394535341
1.3265174318939725
1.295856041191002
1.273838245338161
1.2349859712303626
1.229554942516722
1.2129586479240118
1.1852769740930655
1.1708780222820327
1.1595465049811247
1.1433029102970504
1.1381606674474798
1.128702241467127
1.1088801378764388
1.0950277663622041
1.077004513861805
1.0577930966301106
1.0548772932852573
1.063481324772027
1.0894543806235866
1.0652296534162056
1.054548243099812
1.039328421422436
1.038427411375799
1.0547923401283579
1.0363724629544697
1.0479438777192052
1.0388339015570844
1.0215922806209554
1.0163426606373884
1.009793207994184
1.0032644204991656
1.0049861552032462
1.0056577273558047
1.0150163634282996
1.0326594728736689
1.0535646418191602
1.115082410386048
1.1300251919986761
1.1373707349293996
1.0879476776041719
1.0459832129666637
1.0465559419546462
1.0206547618654225
0.993605987840533
0.9916238479514399
0.9874033519443423
0.989727223783202
0.9893885696570454
0.9993986893529461
0.9950274339137711
0.9980123815963938
1.0004425169456197
0.9983844391572517
0.9976405810151401
0.9966838931356043
0.9976871936925203
0.9988425362647622
1.0009529193217928
1.0012201470666928
0.9993652234078243
0.9997179063566267
0.996870891550946
0.9146276690983989
0.834757473067148
0.760903219131498
0.6939570080675284
0.7908958316963424
0.8237627752319182
0.8326399738456671
0.8415885805797291
0.8554470907668122
0.8657531468409775
0.8738367442907986
0.882221997654024
0.889197976738108
0.8957528153525729
0.9010901230404481
0.9065733138129278
0.9113734485951087
0.9159217915898918
0.9198720647559849
0.9232212518823606
0.9267208848161398
0.9289280293089905
0.9332596311819429
0.936679291365548
0.9407612065506523
0.9432738917273329
0.9463804152669383
0.9454612131571832
0.9468633763909785
0.9478205505001728
0.9524595311809269
0.972348542943034
1.0433062516717568
1.0755607616574216
1.0741504350305509
1.040667017427851
1.0300571861656485
0.9850158652583119
0.9472233150620664
0.944223102770165
0.9480718824168911
0.9450492010274604
0.8620104351705714
0.7854640319732468
0.7182241887892752
0.6583856261720683
0.7261973673862188
0.7575837538854998
0.7636670352043591
0.7851200264338313
0.804954076112094
0.8230167385521941
0.8392650779041619
0.8547369161550192
0.86756915653746
0.8804678967307447
0.8914934035210259
0.9020549651184644
0.9111180111462258
0.9206681262453706
0.9282701869995281
0.9351811513214894
0.9407230975721382
0.9465019791147714
0.9529381945555087
0.9574435298493871
0.9604169820047996
0.963472910244149
0.9681067967158522
0.9732245665360323
0.97552223078815
0.9767005450138235
0.9783675579878813
0.9908202781242462
0.9921172583771031
0.9905506538479405
0.9872699762180549
1.0014650633636746
1.0724808297777493
1.1493124583477932
1.1160757921085271
1.0914795921856717
1.058180504748123
1.0421577045359276
1.0436853455493313
1.0320549557607963
1.030566061059594
1.0224197791174328
1.0152552618310149
0.9258341268101666
0.845415665850713
0.7741637089578929
1.761274028970483
1.7563120907126801
1.688434028454935
1.6258536621181283
1.56959654032761
1.5183814539228186
1.471233137088216
1.4298636952835435
1.3897842123630744
1.3569087098764472
1.3252319343275245
1.296231812104559
1.2721920612944728
1.246450959224634
1.2310619832884924
1.2118477884382843
1.2029934928766588
1.2107445056346928
1.2535258007864705
1.270541116812806
1.247911594043719
1.2188784720790655
1.2109794654576642
1.1325131997450149
1.1483843650314827
1.1258393141109815
1.1272820350961756
1.131103308214779
1.1168176424538787
1.1087351751344996
1.0631641321167722
0.9705784255197926
0.8897295126585715
0.9505640911007007
0.9735766847353765
0.9632409600383629
0.9610023275276557
0.9598919978842719
0.9579771851604915
0.9569019950369185
0.956832546883028
0.9558854322215224
0.9554651492229221
0.9542813749541722
0.954862781297411
0.9538205387436154
0.9396092244482936
0.9409786330247223
0.9423044537926827
0.9412396134415796
0.9424179428230013
0.9434319690335747
0.9437078914048963
0.9453120115430298
0.9449354182453177
0.9434798446637899
0.9581089760352683
0.9925886608610116
0.9448186761068347
0.9727840349332368
0.9940067415921682
1.4333632982830018
1.3068058217351086
1.189290941179529
1.0824592315835473
0.9856284385373782
0.8989006510886788
0.8204601839674026
0.753901768030664
1.0215974047013758
0.9767693143166102
0.9950983521449295
1.0263240781846639
1.0101233036373396
1.0031613345267056
1.0201466677515505
1.0179279643343238
1.0150302163881468
1.0173963017175147
1.0191228159474948
1.0159457218818468
1.0185380729638356
1.0182511301150796
1.0096594263165537
0.9992751926714983
1.010384015760202
1.0371246113191865
1.1111525446814356
1.093363951275202
1.0875638660773381
1.0809257175837923
1.0674199787500038
1.0616266334281823
1.065044848673254
1.0616468861870834
1.0565593371648003
1.0498032458429725
1.043257829063936
1.0335073115808235
1.0318416207331884
1.031718320898751
1.0301032609640375
1.0292738664625811
1.0258549027937514
1.0010252180545332
1.0106079908562935
1.0072391011556976
1.0178830026805457
1.018949236731995
1.015552065974695
1.0095018302614922
1.0084696898356154
1.0103033433664454
1.0159679149098706
1.0093176439289877
