0.97 -0.14 -0.1
0.97 -0.12 -0.1
0.98 -0.1 -0.12
0.98 -0.11 -0.13
0.99 -0.11 -0.13
0.98 -0.11 -0.14
0.98 -0.11 -0.14
0.98 -0.11 -0.13
0.99 -0.12 -0.14
0.98 -0.09 -0.12
0.98 -0.09 -0.13
0.98 -0.11 -0.12
0.99 -0.09 -0.13
0.98 -0.11 -0.13
0.98 -0.11 -0.12
0.98 -0.11 -0.13
0.98 -0.1 -0.14
0.98 -0.1 -0.14
0.98 -0.11 -0.13
0.98 -0.11 -0.13
0.99 -0.11 -0.13
0.98 -0.1 -0.13
0.98 -0.1 -0.12
0.98 -0.1 -0.13
0.98 -0.09 -0.13
0.98 -0.1 -0.12
0.98 -0.09 -0.13
0.98 -0.1 -0.13
0.98 -0.09 -0.12
1.00 -0.08 -0.14
0.97 -0.08 -0.13
0.99 -0.11 -0.13
0.98 -0.1 -0.14
0.96 -0.11 -0.1
1.00 -0.09 -0.16
0.98 -0.11 -0.15
0.98 -0.11 -0.13
0.98 -0.08 -0.14
0.98 -0.09 -0.13
0.98 -0.09 -0.15
0.98 -0.09 -0.15
0.98 -0.09 -0.15
0.98 -0.08 -0.15
0.98 -0.08 -0.16
0.97 -0.08 -0.15
0.98 -0.07 -0.16
0.98 -0.06 -0.16
0.98 -0.1 -0.15
0.98 -0.09 -0.16
0.98 -0.09 -0.15
0.98 -0.09 -0.13
0.98 -0.1 -0.13
0.99 -0.09 -0.13
0.98 -0.09 -0.13
0.98 -0.1 -0.13
0.98 -0.1 -0.13
0.99 -0.08 -0.15
0.99 -0.11 -0.14
0.97 -0.13 -0.11
0.97 -0.11 -0.13
0.98 -0.1 -0.14
0.97 -0.11 -0.14
0.99 -0.11 -0.13
0.98 -0.1 -0.13
0.98 -0.09 -0.14
0.99 -0.1 -0.13
0.98 -0.1 -0.13
0.98 -0.09 -0.13
0.98 -0.09 -0.14
0.98 -0.1 -0.14
0.98 -0.09 -0.14
0.98 -0.11 -0.13
0.98 -0.1 -0.14
0.98 -0.1 -0.14
0.98 -0.09 -0.13
0.98 -0.1 -0.14
0.98 -0.1 -0.12
0.98 -0.09 -0.13
0.98 -0.1 -0.13
0.98 -0.1 -0.13
0.98 -0.09 -0.14
0.97 -0.11 -0.11
0.99 -0.12 -0.11
0.98 -0.1 -0.08
0.98 -0.1 -0.09
0.98 -0.07 -0.09
0.98 -0.07 -0.09
0.98 -0.09 -0.11
0.98 -0.09 -0.1
0.98 -0.09 -0.12
0.98 -0.11 -0.1
1.00 -0.13 -0.09
0.98 -0.11 -0.1
0.98 -0.11 -0.14
0.98 -0.12 -0.12
0.99 -0.13 -0.12
0.99 -0.11 -0.15
0.97 -0.12 -0.15
0.99 -0.12 -0.13
0.98 -0.11 -0.11
1.00 -0.08 -0.15
0.98 -0.12 -0.13
0.98 -0.11 -0.13
0.98 -0.09 -0.12
0.99 -0.1 -0.12
0.99 -0.1 -0.13
0.98 -0.1 -0.16
0.97 -0.11 -0.13
0.99 -0.09 -0.18
0.98 -0.11 -0.13
0.99 -0.1 -0.16
0.98 -0.1 -0.14
0.97 -0.09 -0.15
0.98 -0.09 -0.16
0.98 -0.11 -0.14
0.98 -0.1 -0.15
0.98 -0.11 -0.16
0.98 -0.09 -0.0
0.99 -0.09 -0.18
0.95 -0.1 -0.0
0.97 -0.07 -0.2
0.98 -0.06 -0.2
0.98 -0.07 -0.22
0.96 -0.09 -0.21
0.98 -0.09 -0.22
0.98 -0.07 -0.21
0.97 -0.07 -0.2
0.97 -0.08 -0.21
0.97 -0.08 -0.21
0.97 -0.07 -0.21
0.98 -0.06 -0.21
0.98 -0.08 -0.22
0.96 -0.07 -0.2
0.98 -0.08 -0.22
0.97 -0.08 -0.21
0.97 -0.09 -0.22
0.98 -0.08 -0.21
0.98 -0.09 -0.25
0.98 -0.1 -0.2
0.97 -0.08 -0.25
0.96 -0.1 -0.24
0.96 -0.09 -0.16
0.99 -0.05 -0.22
0.96 -0.09 -0.21
0.97 -0.08 -0.23
0.97 -0.08 -0.22
0.97 -0.08 -0.23
0.97 -0.07 -0.23
0.97 -0.07 -0.24
0.96 -0.09 -0.23
0.96 -0.09 -0.22
0.96 -0.07 -0.24
0.97 -0.07 -0.25
0.97 -0.08 -0.25
0.97 -0.08 -0.26
0.96 -0.07 -0.24
0.98 -0.07 -0.22
0.98 -0.09 -0.21
0.99 -0.06 -0.21
0.97 -0.08 -0.2
0.97 -0.07 -0.2
0.97 -0.08 -0.22
0.99 -0.06 -0.21
0.97 -0.08 -0.19
1.00 -0.07 -0.23
1.00 -0.1 -0.23
0.95 -0.09 -0.2
0.98 -0.06 -0.24
0.97 -0.08 -0.23
0.97 -0.08 -0.22
0.95 -0.07 -0.21
0.99 -0.07 -0.24
1.00 -0.11 -0.19
0.96 -0.08 -0.21
0.97 -0.08 -0.23
1.01 -0.08 -0.2
0.93 -0.11 -0.2
0.96 -0.08 -0.25
0.96 -0.07 -0.24
0.97 -0.08 -0.21
0.97 -0.07 -0.21
0.97 -0.08 -0.21
0.97 -0.07 -0.21
0.95 -0.06 -0.23
0.97 -0.07 -0.21
0.98 -0.09 -0.2
0.98 -0.08 -0.21
0.97 -0.07 -0.18
0.97 -0.09 -0.2
1.00 -0.07 -0.25
0.96 -0.1 -0.1
0.98 -0.06 -0.22
0.95 -0.07 -0.21
0.97 -0.05 -0.25
0.98 -0.05 -0.3
0.96 -0.08 -0.0
0.96 -0.06 -0.18
0.98 -0.08 -0.19
0.98 -0.08 -0.17
0.97 -0.09 -0.18
0.96 -0.08 -0.16
0.98 -0.08 -0.15
0.98 -0.1 -0.17
0.98 -0.1 -0.17
0.97 -0.09 -0.18
0.98 -0.1 -0.17
0.98 -0.1 -0.16
0.98 -0.09 -0.16
0.98 -0.09 -0.17
0.98 -0.1 -0.16
0.98 -0.11 -0.15
0.98 -0.1 -0.15
0.99 -0.1 -0.15
0.98 -0.1 -0.14
0.97 -0.11 -0.15
0.98 -0.11 -0.15
0.98 -0.09 -0.15
0.97 -0.1 -0.16
0.98 -0.09 -0.15
0.98 -0.08 -0.14
0.98 -0.09 -0.13
0.98 -0.07 -0.13
0.98 -0.1 -0.14
0.98 -0.09 -0.13
0.98 -0.09 -0.14
0.98 -0.09 -0.15
0.98 -0.09 -0.14
0.98 -0.09 -0.15
0.98 -0.09 -0.14
0.98 -0.09 -0.16
0.98 -0.1 -0.1
0.98 -0.09 -0.15
0.98 -0.09 -0.16
0.98 -0.09 -0.16
0.98 -0.09 -0.16
0.97 -0.08 -0.16
0.98 -0.09 -0.16
0.98 -0.09 -0.16
0.98 -0.09 -0.16
0.98 -0.09 -0.0
0.98 -0.09 -0.15
0.98 -0.08 -0.16
0.98 -0.09 -0.16
0.98 -0.09 -0.16
0.98 -0.09 -0.16
0.98 -0.09 -0.15
0.98 -0.09 -0.16
0.97 -0.09 -0.16
0.98 -0.09 -0.16
0.98 -0.08 -0.16
0.98 -0.09 -0.18
0.98 -0.08 -0.17
0.98 -0.08 -0.17
0.98 -0.08 -0.0
0.98 -0.07 -0.17
0.98 -0.08 -0.17
0.98 -0.08 -0.17
0.98 -0.09 -0.17
0.98 -0.08 -0.16
0.98 -0.08 -0.17
0.98 -0.08 -0.17
0.98 -0.07 -0.16
0.98 -0.09 -0.17
0.98 -0.08 -0.18
0.98 -0.08 -0.17
0.98 -0.08 -0.16
0.98 -0.08 -0.16
0.98 -0.08 -0.16
0.98 -0.07 -0.1
0.98 -0.07 -0.15
0.98 -0.08 -0.16
0.98 -0.08 -0.16
0.98 -0.08 -0.16
0.98 -0.08 -0.16
0.98 -0.08 -0.16
0.98 -0.08 -0.16
0.98 -0.08 -0.18
0.98 -0.08 -0.16
0.98 -0.08 -0.16
0.98 -0.08 -0.18
0.97 -0.07 -0.17
0.97 -0.06 -0.16
1.00 -0.05 -0.16
0.98 -0.05 -0.1
0.99 -0.05 -0.13
0.98 0.0 -0.18
0.98 -0.03 -0.15
0.99 -0.01 -0.14
0.99 -0.02 -0.15
0.98 -0.01 -0.15
0.99 -0.02 -0.16
0.98 -0.02 -0.15
0.99 -0.02 -0.15
0.99 -0.02 -0.14
0.98 -0.03 -0.16
0.98 -0.04 -0.14
1.00 -0.06 -0.11
0.99 -0.05 -0.09
1.00 -0.04 -0.09
1.01 -0.04 -0.04
0.99 -0.04 -0.05
1.00 -0.03 -0.05
1.00 -0.03 -0.04
1.00 -0.06 -0.05
1.00 -0.07 -0.07
0.98 -0.06 -0.06
0.99 -0.07 -0.05
0.99 -0.07 -0.06
1.00 -0.08 -0.07
0.99 -0.07 -0.07
0.98 -0.06 -0.07
0.99 -0.06 -0.07
0.98 -0.07 -0.05
0.99 -0.06 -0.06
1.00 -0.07 -0.06
0.99 -0.07 -0.05
0.98 -0.07 -0.07
0.99 -0.07 -0.07
0.99 -0.07 -0.07
0.99 -0.06 -0.06
0.98 -0.06 -0.08
0.99 -0.06 -0.07
0.99 -0.07 -0.08
0.99 -0.07 -0.08
0.99 -0.07 -0.07
0.98 -0.06 -0.08
0.99 -0.07 -0.07
1.00 -0.06 -0.07
0.99 -0.06 -0.08
0.99 -0.07 -0.09
0.99 -0.07 -0.1
0.98 -0.07 -0.09
0.99 -0.07 -0.1
0.98 -0.07 -0.09
0.99 -0.08 -0.09
0.99 -0.08 -0.09
0.98 -0.09 -0.09
0.98 -0.09 -0.1
0.98 -0.09 -0.11
0.99 -0.07 -0.1
0.99 -0.09 -0.1
0.98 -0.08 -0.1
0.99 -0.08 -0.1
0.99 -0.08 -0.09
0.98 -0.08 -0.11
0.98 -0.08 -0.09
0.99 -0.08 -0.1
0.98 -0.08 -0.09
0.98 -0.07 -0.1
0.99 -0.07 -0.1
1.00 -0.07 -0.0
0.99 -0.07 -0.09
0.98 -0.1 -0.09
0.99 -0.11 -0.09
0.96 -0.07 -0.09
1.00 -0.06 -0.12
0.98 -0.09 -0.1
0.99 -0.1 -0.11
0.99 -0.09 -0.11
0.99 -0.08 -0.11
0.98 -0.09 -0.11
0.98 -0.08 -0.1
0.99 -0.09 -0.11
1.00 -0.08 -0.09
0.98 -0.08 -0.09
0.99 -0.08 -0.11
0.99 -0.08 -0.12
0.98 -0.07 -0.11
0.98 -0.09 -0.1
0.98 -0.08 -0.11
0.99 -0.09 -0.11
0.98 -0.08 -0.11
0.98 -0.08 -0.0
0.98 -0.08 -0.11
0.98 -0.08 -0.1
0.98 -0.08 -0.11
0.98 -0.07 -0.11
0.98 -0.08 -0.11
0.98 -0.08 -0.11
0.98 -0.08 -0.11
0.99 -0.08 -0.11
0.98 -0.08 -0.12
0.98 -0.08 -0.11
0.99 -0.07 -0.1
0.98 -0.08 -0.11
0.99 -0.07 -0.12
0.99 -0.08 -0.11
0.99 -0.09 -0.11
0.99 -0.08 -0.11
0.98 -0.08 -0.11
0.98 -0.09 -0.11
0.99 -0.08 -0.1
0.99 -0.07 -0.1
0.98 -0.08 -0.1
0.98 -0.07 -0.09
0.98 -0.07 -0.1
0.98 -0.08 -0.09
0.99 -0.08 -0.09
0.99 -0.07 -0.09
0.98 -0.07 -0.1
0.98 -0.08 -0.11
0.98 -0.07 -0.09
0.99 -0.07 -0.1
0.99 -0.08 -0.11
0.98 -0.08 -0.09
0.99 -0.07 -0.11
0.97 -0.06 -0.13
0.99 -0.08 -0.11
0.98 -0.1 -0.07
0.99 -0.06 -0.11
0.99 -0.09 -0.12
0.98 -0.08 -0.11
0.99 -0.07 -0.1
1.00 -0.07 -0.12
0.99 -0.1 -0.13
0.98 -0.09 -0.12
0.98 -0.09 -0.12
0.98 -0.1 -0.11
1.00 -0.12 -0.11
0.98 -0.12 -0.12
0.98 -0.13 -0.11
0.97 -0.1 -0.13
0.98 -0.11 -0.13
0.98 -0.12 -0.13
0.98 -0.12 -0.13
0.98 -0.11 -0.14
0.98 -0.13 -0.12
0.99 -0.11 -0.13
0.98 -0.13 -0.12
0.98 -0.16 -0.07
0.97 -0.14 -0.09
0.99 -0.13 -0.11
0.97 -0.11 -0.12
0.98 -0.12 -0.14
0.96 -0.13 -0.12
0.98 -0.11 -0.12
0.98 -0.13 -0.11
0.99 -0.11 -0.11
0.98 -0.11 -0.09
0.99 -0.12 -0.07
1.00 -0.12 -0.07
0.98 -0.12 -0.07
0.99 -0.09 -0.09
0.99 -0.11 -0.09
0.97 -0.13 -0.08
0.99 -0.11 -0.1
0.98 -0.12 -0.07
0.98 -0.11 -0.08
0.99 -0.12 -0.08
0.98 -0.11 -0.09
0.98 -0.12 -0.08
0.98 -0.11 -0.07
0.99 -0.12 -0.09
0.99 -0.12 -0.08
0.97 -0.11 -0.13
0.98 -0.13 -0.1
1.00 -0.13 -0.07
0.96 -0.1 -0.09
0.99 -0.12 -0.1
0.98 -0.11 -0.09
0.99 -0.11 -0.09
0.99 -0.11 -0.0800.99 -0.11 -0.09
0.98 -0.12 -0.11
0.98 -0.13 -0.1
0.98 -0.11 -0.09
0.98 -0.13 -0.12
0.98 -0.12 -0.11
0.99 -0.12 -0.1
0.98 -0.1 -0.11
0.99 -0.11 -0.11
0.97 -0.13 -0.09
0.99 -0.12 -0.1
0.98 -0.13 -0.09
0.99 -0.12 -0.08
0.98 -0.11 -0.08
0.98 -0.12 -0.11
0.98 -0.13 -0.06
0.99 -0.06 -0.1
0.98 -0.11 -0.1
0.99 -0.09 -0.11
0.99 -0.09 -0.09
0.98 -0.1 -0.09
0.99 -0.1 -0.11
0.98 -0.09 -0.1
0.98 -0.11 -0.12
0.98 -0.12 -0.11
0.98 -0.09 -0.1
0.98 -0.09 -0.09
0.98 -0.1 -0.09
0.99 -0.11 -0.09
0.99 -0.09 -0.09
0.98 -0.08 -0.09
0.98 -0.11 -0.07
0.98 -0.08 -0.09
0.98 -0.07 -0.1
0.99 -0.1 -0.09
0.98 -0.1 -0.09
0.97 -0.09 -0.1
0.98 -0.11 -0.12
0.98 -0.08 -0.13
0.99 -0.07 -0.12
0.98 -0.06 -0.11
1.00 -0.05 -0.15
0.98 -0.13 -0.1
0.98 -0.07 -0.14
1.00 -0.02 -0.14
1.01 -0.05 -0.15
0.98 -0.04 -0.16
0.98 -0.05 -0.15
0.98 -0.04 -0.16
0.98 0.0 -0.2
0.98 0.02 -0.21
0.97 -0.03 -0.18
0.98 -0.02 -0.19
0.99 -0.03 -0.18
0.98 -0.03 -0.18
0.98 -0.03 -0.18
0.98 -0.04 -0.18
0.98 -0.04 -0.18
0.98 -0.05 -0.16
0.98 -0.05 -0.16
0.98 -0.04 -0.17
0.98 -0.04 -0.18
0.97 -0.04 -0.18
0.98 -0.06 -0.17
0.98 -0.07 -0.16
0.98 -0.04 -0.17
0.98 -0.06 -0.16
0.99 -0.07 -0.16
0.98 -0.06 -0.16
0.98 -0.06 -0.15
0.98 -0.06 -0.15
0.97 -0.05 -0.16
0.98 -0.06 -0.14
0.98 -0.07 -0.15
0.98 -0.06 -0.14
0.98 -0.06 -0.14
0.99 -0.06 -0.14
0.98 -0.06 -0.15
0.98 -0.06 -0.16
0.98 -0.02 -0.21
0.98 -0.05 -0.19
0.98 -0.04 -0.18
0.97 -0.06 -0.18
0.98 -0.04 -0.19
0.98 -0.03 -0.19
0.98 -0.03 -0.2
0.98 -0.03 -0.16
0.98 -0.02 -0.17
0.98 -0.05 -0.18
0.97 -0.05 -0.18
0.98 -0.04 -0.17
0.98 -0.05 -0.2
0.98 -0.04 -0.2
0.98 -0.09 -0.19
0.99 -0.08 -0.16
0.98 -0.06 -0.18
0.98 -0.05 -0.17
0.97 -0.05 -0.18
0.98 -0.09 -0.16
0.99 -0.1 -0.12
0.98 -0.06 -0.16
0.98 -0.06 -0.15
1.02 -0.05 -0.14
0.98 -0.05 -0.13
0.99 -0.06 -0.14
1.00 -0.06 -0.19
0.97 -0.08 -0.16
0.98 -0.06 -0.18
0.99 -0.03 -0.16
0.99 -0.05 -0.16
0.98 -0.05 -0.14
0.97 0.0 -0.22
0.94 -0.04 -0.2
1.00 -0.06 -0.14
0.98 -0.07 -0.15
0.96 -0.04 -0.17
0.96 -0.04 -0.18
0.98 -0.05 -0.18
0.98 -0.05 -0.15
0.98 -0.05 -0.16
0.97 -0.03 -0.0
0.98 -0.03 -0.21
0.98 -0.01 -0.2
0.98 -0.02 -0.21
0.98 -0.02 -0.2
0.97 -0.02 -0.21
0.98 -0.02 -0.2
0.98 -0.0 -0.21
0.98 -0.02 -0.2
0.98 -0.01 -0.2
0.98 -0.01 -0.2
0.97 -0.02 -0.21
0.98 -0.01 -0.21
0.97 0.0 -0.24
0.97 -0.03 -0.21
0.96 -0.03 -0.21
0.95 -0.04 -0.2
0.97 -0.09 -0.16
1.00 -0.03 -0.18
0.98 -0.04 -0.14
0.99 -0.08 -0.14
0.98 -0.07 -0.15
0.98 -0.06 -0.16
0.96 -0.11 -0.18
0.97 -0.04 -0.19
0.98 -0.05 -0.13
0.99 -0.09 -0.12
0.98 -0.08 -0.17
0.99 -0.11 -0.14
0.98 -0.08 -0.15
0.98 -0.05 -0.14
0.98 -0.06 -0.18
0.99 -0.09 -0.2
0.93 -0.05 -0.18
1.00 -0.05 -0.25
0.96 -0.06 -0.17
0.98 -0.06 -0.22
1.00 -0.04 -0.22
1.00 -0.07 -0.23
0.94 -0.06 -0.11
0.97 -0.0 -0.27
0.93 -0.04 -0.24
0.98 -0.06 -0.18
0.97 -0.04 -0.21
1.00 -0.17 -0.18
0.98 -0.07 -0.14
1.00 -0.06 -0.18
0.95 -0.09 -0.16
0.95 -0.05 -0.21
0.99 -0.09 -0.16
0.96 -0.11 -0.13
0.98 -0.04 -0.21
1.00 -0.07 -0.19
0.97 -0.1 -0.14
0.98 -0.07 -0.16
0.98 -0.07 -0.16
0.98 -0.08 -0.16
0.98 -0.07 -0.16
0.98 -0.06 -0.16
0.98 -0.07 -0.16
0.98 -0.06 -0.16
0.98 -0.07 -0.16
0.98 -0.06 -0.16
0.98 -0.06 -0.16
0.98 -0.06 -0.15
0.98 -0.07 -0.15
0.98 -0.07 -0.15
0.98 -0.07 -0.15
0.98 -0.07 -0.15
0.98 -0.07 -0.16
0.98 -0.06 -0.15
0.98 -0.07 -0.16
0.98 -0.07 -0.16
0.98 -0.06 -0.16
0.98 -0.08 -0.15
0.98 -0.06 -0.16
0.98 -0.07 -0.15
0.98 -0.07 -0.15
0.98 -0.06 -0.16
0.98 -0.07 -0.16
0.98 -0.06 -0.1
0.98 -0.07 -0.16
0.98 -0.06 -0.0
0.98 -0.07 -0.15
0.98 -0.06 -0.15
0.98 -0.07 -0.16
0.99 -0.09 -0.13
0.99 -0.04 -0.21
0.96 -0.08 -0.16
0.98 -0.06 -0.14
0.98 -0.07 -0.16
0.98 -0.06 -0.16
0.98 -0.07 -0.16
0.98 -0.06 -0.16
0.98 -0.06 -0.16
0.98 -0.06 -0.16
0.98 -0.06 -0.16
0.98 -0.08 -0.14
0.98 -0.1 -0.11
1.00 -0.08 -0.15
0.98 -0.08 -0.16
0.98 -0.07 -0.16
0.98 -0.07 -0.17
0.98 -0.07 -0.16
0.99 -0.06 -0.16
0.98 -0.06 -0.17
0.98 -0.06 -0.17
0.98 -0.06 -0.16
0.99 -0.06 -0.16
0.98 -0.06 -0.16
0.98 -0.05 -0.16
0.98 -0.06 -0.17
0.98 -0.05 -0.16
0.99 -0.09 -0.13
0.97 -0.07 -0.16
0.98 -0.06 -0.15
0.98 -0.07 -0.18
0.99 -0.08 -0.15
0.97 -0.05 -0.18
0.98 -0.04 -0.22
0.97 -0.05 -0.18
0.96 -0.07 -0.14
1.00 -0.06 -0.21
0.98 -0.08 -0.18
0.99 -0.09 -0.16
0.93 -0.07 -0.1
0.90 -0.09 -0.12
1.01 -0.07 -0.22
0.96 -0.06 -0.18
0.97 -0.05 -0.21
1.00 -0.08 -0.1
0.96 0.0 -0.23
0.98 -0.03 -0.2
0.96 -0.06 -0.18
0.97 -0.06 -0.15
0.99 -0.04 -0.15
0.97 -0.03 -0.2
0.99 -0.09 -0.14
0.96 -0.02 -0.23
1.00 -0.02 -0.21
0.95 -0.03 -0.19
0.99 -0.04 -0.21
0.98 -0.08 -0.16
0.98 -0.05 -0.18
0.98 -0.04 -0.19
1.00 -0.08 -0.18
0.99 -0.09 -0.14
1.04 -0.05 -0.13
1.03 -0.02 -0.12
0.94 -0.07 -0.14
0.98 -0.09 -0.21
0.98 -0.1 -0.17
1.00 -0.07 -0.14
0.98 -0.05 -0.13
0.99 -0.05 -0.12
1.04 -0.1 -0.12
0.95 -0.09 -0.12
1.00 -0.07 -0.2
0.89 -0.04 -0.13
1.02 -0.09 -0.16
0.98 -0.07 -0.14
0.96 -0.03 -0.17
1.01 -0.06 -0.18
0.97 -0.07 -0.13
0.98 -0.07 -0.17
0.96 -0.07 -0.16
0.98 -0.06 -0.14
0.99 -0.05 -0.13
1.00 -0.1 -0.12
0.98 -0.11 -0.13
1.04 -0.09 -0.17
0.96 -0.09 -0.08
1.00 -0.05 -0.14
0.98 -0.05 -0.17
0.98 -0.1 -0.13
0.98 -0.06 -0.14
0.98 -0.05 -0.13
0.98 -0.05 -0.16
0.98 -0.05 -0.14
0.98 -0.05 -0.14
0.99 -0.07 -0.14
0.98 -0.08 -0.15
0.99 -0.05 -0.15
0.98 -0.06 -0.13
0.98 -0.06 -0.11
0.99 -0.05 -0.19
0.98 -0.07 -0.14
0.98 -0.08 -0.13
1.00 -0.06 -0.17
0.96 -0.07 -0.16
0.98 -0.09 -0.14
0.98 -0.06 -0.17
0.98 -0.06 -0.15
0.98 -0.07 -0.2
0.97 -0.09 -0.17
0.98 -0.07 -0.16
0.98 -0.08 -0.17
0.98 -0.07 -0.18
0.98 -0.09 -0.23
0.98 -0.07 -0.14
0.98 -0.06 -0.18
0.98 -0.06 -0.18
0.97 -0.08 -0.17
0.99 -0.07 -0.16
0.99 -0.07 -0.19
0.94 -0.08 -0.19
0.96 -0.09 -0.21
0.95 -0.09 -0.21
0.97 -0.09 -0.19
0.98 -0.04 -0.16
0.95 -0.02 -0.18
1.00 -0.06 -0.23
0.93 -0.1 -0.15
0.97 -0.07 -0.22
0.97 -0.09 -0.2
0.99 -0.07 -0.15
0.99 -0.06 -0.2
0.98 -0.08 -0.14
0.99 -0.09 -0.2
0.97 -0.09 -0.18
0.96 -0.04 -0.2
0.99 -0.05 -0.21
0.96 -0.09 -0.18
1.02 -0.09 -0.17
1.02 -0.09 -0.18
0.96 -0.01 -0.2
0.96 -0.05 -0.25
0.96 -0.1 -0.17
1.00 -0.09 -0.18
0.97 -0.1 -0.18
0.97 -0.09 -0.18
0.96 -0.08 -0.16
0.97 -0.1 -0.15
0.97 -0.05 -0.21
0.97 -0.07 -0.18
0.98 -0.07 -0.17
0.95 -0.07 -0.14
1.00 -0.07 -0.21
0.97 -0.08 -0.17
0.99 -0.05 -0.19
0.99 -0.08 -0.14
0.96 -0.06 -0.15
0.98 -0.08 -0.19
0.96 -0.09 -0.15
0.98 -0.08 -0.16
0.97 -0.06 -0.16
0.98 -0.07 -0.19
0.96 -0.06 -0.0
0.98 -0.05 -0.24
0.97 -0.06 -0.21
0.97 -0.03 -0.21
0.96 0.01 -0.22
0.97 -0.04 -0.19
1.01 -0.05 -0.16
1.00 -0.05 -0.18
0.97 -0.04 -0.19
0.98 0.0 -0.23
0.97 -0.08 -0.15
0.97 -0.03 -0.21
1.00 -0.06 -0.24
0.98 -0.08 -0.17
0.98 -0.06 -0.2
0.98 -0.05 -0.18
0.98 -0.07 -0.17
0.98 -0.1 -0.14
0.96 -0.02 -0.18
0.97 -0.07 -0.14
0.97 -0.06 -0.21
0.97 -0.03 -0.23
0.97 -0.03 -0.24
0.97 -0.04 -0.23
0.98 -0.04 -0.23
0.97 -0.03 -0.24
0.96 -0.03 -0.24
0.97 -0.04 -0.23
0.97 -0.04 -0.24
0.97 -0.03 -0.24
0.97 -0.03 -0.24
0.97 -0.03 -0.23
0.96 -0.03 -0.24
0.96 -0.02 -0.24
0.97 -0.03 -0.24
0.98 -0.03 -0.24
0.97 -0.03 -0.24
0.97 -0.03 -0.24
0.97 -0.03 -0.23
0.96 -0.02 -0.2
0.96 -0.02 -0.24
0.97 -0.03 -0.21
0.98 -0.04 -0.18
0.98 -0.04 -0.2
0.98 -0.04 -0.2
0.98 -0.04 -0.2
0.97 -0.04 -0.2
0.97 -0.02 -0.21
0.98 -0.03 -0.22
0.98 -0.04 -0.21
0.97 -0.03 -0.21
0.97 -0.03 -0.22
0.97 -0.04 -0.22
0.97 -0.02 -0.21
0.97 -0.03 -0.22
0.98 -0.03 -0.22
0.98 -0.02 -0.23
0.98 -0.03 -0.22
0.98 -0.03 -0.22
0.97 -0.03 -0.22
0.97 -0.03 -0.22
0.97 -0.03 -0.23
0.97 -0.02 -0.22
0.96 -0.03 -0.23
0.97 -0.03 -0.23
0.97 -0.03 -0.23
0.97 -0.03 -0.22
0.98 -0.03 -0.22
0.97 -0.03 -0.22
0.97 -0.03 -0.21
0.98 -0.03 -0.21
0.97 -0.02 -0.0
0.98 -0.03 -0.22
0.97 -0.02 -0.22
0.98 -0.02 -0.22
0.98 -0.03 -0.22
0.98 -0.02 -0.22
0.97 -0.02 -0.22
0.98 -0.02 -0.22
0.98 -0.01 -0.22
0.98 -0.02 -0.23
0.97 -0.02 -0.22
0.97 -0.02 -0.23
0.97 -0.02 -0.23
0.97 -0.02 -0.23
0.97 -0.02 -0.23
0.97 -0.02 -0.22
0.98 -0.02 -0.22
0.97 -0.03 -0.21
0.97 -0.03 -0.21
0.98 -0.02 -0.22
0.98 -0.02 -0.21
0.97 -0.02 0.993430.97 -0.02 -0.23
0.97 -0.03 -0.22
0.98 -0.02 -0.21
0.97 -0.02 -0.22
0.97 -0.02 -0.22
0.97 -0.02 -0.23
0.97 -0.02 -0.22
0.97 -0.02 -0.22
0.97 -0.02 -0.22
0.97 -0.02 -0.23
0.97 -0.02 -0.23
0.97 -0.02 -0.23
0.98 -0.02 -0.23
0.98 -0.02 -0.23
0.97 -0.02 -0.22
0.98 -0.02 -0.22
0.98 -0.02 -0.22
0.97 -0.02 -0.23
0.96 -0.03 -0.21
0.99 -0.07 -0.14
0.98 -0.02 -0.13
0.98 -0.05 -0.15
0.98 -0.08 -0.14
0.98 -0.05 -0.14
0.99 -0.03 -0.15
1.00 -0.04 -0.18
0.96 -0.05 -0.13
0.99 -0.08 -0.11
1.00 -0.06 -0.15
0.98 -0.09 -0.11
0.98 -0.08 -0.13
0.98 -0.07 -0.14
0.98 -0.09 -0.14
0.98 -0.08 -0.14
0.99 -0.08 -0.14
0.98 -0.08 -0.14
0.98 -0.07 -0.14
0.98 -0.08 -0.14
0.98 -0.08 -0.14
0.98 -0.07 -0.14
0.98 -0.07 -0.14
0.99 -0.06 -0.14
0.99 -0.07 -0.14
0.98 -0.07 -0.15
0.98 -0.07 -0.14
0.98 -0.07 -0.14
0.99 -0.09 -0.14
0.96 -0.07 -0.16
0.98 -0.07 -0.18
0.98 -0.03 -0.18
0.98 0.0 -0.23
0.98 -0.04 -0.2
0.96 -0.04 -0.22
0.96 -0.02 -0.23
0.97 -0.02 -0.24
0.98 -0.01 -0.21
0.97 -0.0 -0.2
0.98 -0.03 -0.2
0.98 -0.04 -0.19
0.98 -0.03 -0.19
0.97 -0.04 -0.18
0.98 -0.03 -0.2
0.98 -0.04 -0.21
0.98 -0.04 -0.2
0.98 -0.03 -0.22
0.98 -0.03 -0.21
0.98 -0.03 -0.21
0.98 -0.03 -0.21
0.97 -0.03 -0.21
0.97 -0.03 -0.22
0.97 -0.03 -0.23
0.97 -0.03 -0.23
0.97 -0.03 -0.0
0.97 -0.03 -0.23
0.98 -0.02 -0.22
0.98 -0.02 -0.21
0.98 -0.02 -0.2
0.98 -0.03 -0.21
0.97 -0.02 -0.22
0.97 -0.03 -0.22
0.97 -0.04 -0.21
0.98 -0.02 -0.21
0.98 -0.03 -0.21
0.97 -0.04 -0.21
0.98 -0.03 -0.23
0.98 -0.04 -0.21
0.98 -0.02 -0.22
0.97 -0.02 -0.21
0.97 -0.03 -0.2
0.98 -0.03 -0.0
0.98 -0.03 -0.19
0.99 -0.04 -0.0
0.98 -0.03 -0.2
0.98 -0.04 -0.2
0.98 -0.02 -0.2
0.98 -0.02 -0.2
0.98 -0.03 -0.2
0.98 -0.03 -0.2
0.98 -0.02 -0.2
0.98 -0.03 -0.2
0.97 -0.02 -0.2
0.98 -0.03 -0.19
0.98 -0.03 -0.18
0.98 -0.03 -0.2
0.98 -0.03 -0.19
0.98 -0.03 -0.19
0.98 -0.02 -0.19
0.98 -0.03 -0.2
0.98 -0.03 -0.2
0.98 -0.03 -0.2
0.97 -0.03 -0.2
0.97 -0.02 -0.21
0.98 -0.02 -0.21
0.97 -0.03 -0.21
0.98 -0.03 -0.2
0.97 -0.03 -0.2
0.98 -0.02 -0.2
0.97 -0.02 -0.21
0.98 -0.03 -0.21
0.98 -0.02 -0.21
0.97 -0.02 -0.21
0.98 -0.02 -0.21
0.98 -0.02 -0.21
0.98 -0.02 -0.21
0.98 -0.02 -0.21
0.97 -0.02 -0.21
0.98 -0.03 -0.22
0.98 -0.02 -0.21
0.97 -0.02 -0.21
0.98 -0.02 -0.21
0.98 -0.02 -0.21
0.98 -0.02 -0.2
0.98 -0.03 -0.22
0.98 -0.03 -0.2
0.98 -0.02 -0.21
0.98 -0.03 -0.2
0.98 -0.03 -0.0
0.98 -0.03 -0.21
0.97 -0.02 -0.21
0.98 -0.02 -0.22
0.98 -0.02 -0.21
0.97 -0.02 -0.21
0.98 -0.02 -0.21
0.97 -0.02 -0.21
0.98 -0.02 -0.22
0.98 -0.02 -0.21
0.98 -0.02 -0.22
0.98 -0.02 -0.22
0.98 -0.02 -0.21
0.98 -0.02 -0.22
0.98 -0.02 -0.22
0.98 -0.03 -0.21
0.97 -0.02 -0.22
0.97 -0.02 -0.22
0.97 -0.02 -0.23
0.98 -0.02 -0.22
0.97 -0.02 -0.2
0.98 -0.02 -0.21
0.97 -0.02 -0.21
0.98 -0.03 -0.21
0.97 -0.02 -0.2
0.97 -0.02 -0.21
0.97 -0.02 -0.22
0.97 -0.02 -0.22
0.98 -0.02 -0.22
0.97 -0.03 -0.21
0.97 -0.02 -0.23
0.97 -0.02 -0.22
0.98 -0.02 -0.22
0.98 -0.02 -0.21
0.97 -0.02 -0.23
0.98 -0.02 -0.23
0.97 -0.02 -0.23
0.98 -0.02 -0.23
0.98 -0.02 -0.22
0.98 -0.02 -0.23
0.97 -0.02 -0.23
0.98 -0.02 -0.22
0.97 -0.03 -0.22
0.97 -0.02 -0.21
0.98 -0.02 -0.22
0.97 -0.02 -0.22
0.97 -0.02 -0.22
0.98 -0.02 -0.22
0.98 -0.02 -0.22
0.97 -0.02 -0.22
0.98 -0.02 -0.22
0.96 -0.02 -0.22
0.97 -0.02 -0.23
0.97 -0.02 -0.23
0.97 -0.02 -0.23
0.97 -0.02 -0.23
0.97 -0.02 -0.23
0.98 -0.02 -0.23
0.97 -0.02 -0.24
0.97 -0.02 -0.2
0.97 -0.02 -0.23
0.97 -0.02 -0.23
0.97 -0.02 -0.22
0.97 -0.02 -0.23
0.97 -0.02 -0.23
0.97 -0.02 -0.23
0.96 -0.03 -0.23
0.97 -0.02 -0.23
0.97 -0.02 -0.24
0.97 -0.01 -0.23
0.97 -0.01 -0.23
0.97 -0.01 -0.22
0.97 -0.02 -0.23
0.97 -0.01 -0.23
0.97 -0.02 -0.24
0.97 -0.02 -0.24
0.97 -0.02 -0.23
0.97 -0.02 -0.23
0.96 -0.02 -0.23
0.98 -0.02 -0.21
0.97 -0.04 -0.2
0.98 -0.03 -0.21
0.98 -0.02 -0.2
0.98 -0.02 -0.21
0.98 -0.02 -0.21
0.98 -0.02 -0.21
0.97 -0.02 -0.21
0.98 -0.02 -0.21
0.98 -0.03 -0.22
0.97 -0.02 -0.21
0.97 -0.02 -0.23
0.97 -0.03 -0.22
0.97 -0.01 -0.23
0.97 -0.02 -0.23
0.98 -0.02 -0.23
0.97 -0.02 -0.23
0.98 -0.02 -0.23
0.97 -0.02 -0.23
0.98 -0.02 -0.23
0.96 -0.02 -0.23
0.97 -0.01 -0.23
0.97 -0.02 -0.24
0.97 -0.02 -0.24
0.97 -0.02 -0.23
0.97 -0.02 -0.24
0.97 -0.02 -0.23
0.97 -0.02 -0.23
0.98 -0.02 -0.23
0.97 -0.02 -0.23
0.97 -0.03 -0.23
0.98 -0.02 -0.23
0.98 -0.02 -0.23
0.97 -0.03 -0.22
0.96 -0.02 -0.22
0.98 -0.02 -0.23
0.98 -0.03 -0.23
0.97 -0.01 -0.23
0.97 -0.01 -0.23
0.98 -0.02 -0.23
0.97 -0.01 -0.24
0.97 -0.02 -0.24
0.98 -0.02 -0.23
0.97 -0.02 -0.23
0.97 -0.02 -0.24
0.97 -0.02 -0.23
0.97 -0.02 -0.24
0.97 -0.02 -0.23
0.97 -0.02 -0.23
0.97 -0.02 -0.23
0.97 -0.02 -0.23
0.98 -0.02 -0.22
0.97 -0.02 -0.23
0.98 -0.04 -0.21
0.98 -0.02 -0.23
0.97 -0.02 -0.22
0.97 -0.02 -0.23
0.97 -0.02 -0.23
0.97 -0.02 -0.23
0.98 -0.02 -0.22
0.96 -0.02 -0.23
0.97 -0.01 -0.24
0.97 -0.02 -0.24
0.97 -0.02 -0.24
0.97 -0.02 -0.23
0.97 -0.02 -0.24
0.97 -0.02 -0.24
0.97 -0.02 -0.24
0.97 -0.03 -0.24
0.97 -0.02 -0.24
0.97 -0.02 -0.24
0.97 -0.02 -0.23
0.98 -0.02 -0.22
0.97 -0.02 -0.23
0.98 -0.02 -0.23
0.97 -0.02 -0.23
0.98 -0.02 -0.23
0.97 -0.02 -0.23
0.98 -0.02 -0.23
0.97 -0.02 -0.24
0.97 -0.02 -0.24
0.97 -0.02 -0.0
0.97 -0.02 -0.24
0.97 -0.02 -0.24
0.96 -0.02 -0.24
0.98 -0.02 -0.23
0.98 -0.03 -0.23
0.97 -0.02 -0.23
0.97 -0.02 -0.2
0.97 -0.02 -0.25
0.97 -0.02 -0.24
0.97 -0.02 -0.24
0.97 -0.03 -0.23
0.97 -0.02 -0.23
0.97 -0.02 -0.24
0.97 -0.02 -0.23
0.97 -0.03 -0.23
0.97 -0.03 -0.23
0.98 -0.03 -0.23
0.98 -0.02 -0.22
0.97 -0.02 -0.23
0.97 -0.02 -0.23
0.97 -0.03 -0.22
0.97 -0.02 -0.24
0.97 -0.02 -0.23
0.97 -0.02 -0.24
0.97 -0.04 -0.24
0.97 -0.02 -0.23
0.97 -0.02 -0.24
0.97 -0.02 -0.24
0.97 -0.02 -0.22
0.97 -0.03 -0.23
0.96 -0.03 -0.23
0.98 -0.02 -0.23
0.96 -0.03 -0.23
0.98 -0.02 -0.24
0.97 -0.02 -0.23
0.97 -0.03 -0.24
0.98 -0.02 -0.24
0.96 -0.02 -0.24
0.97 -0.02 -0.24
0.97 -0.02 -0.24
0.98 -0.02 -0.24
0.96 -0.02 -0.25
0.97 -0.02 -0.25
0.97 -0.03 -0.23
0.97 -0.02 -0.22
0.98 -0.03 -0.21
0.98 -0.03 -0.22
0.97 -0.03 -0.21
0.97 -0.02 -0.22
0.97 -0.02 -0.22
0.98 -0.02 -0.22
0.97 -0.02 -0.23
0.97 -0.02 -0.24
0.98 -0.02 -0.23
0.97 -0.02 -0.23
0.97 -0.02 -0.23
0.97 -0.02 -0.24
0.97 -0.02 -0.0
0.97 -0.02 -0.23
0.96 -0.02 -0.24
0.98 -0.03 -0.2
0.97 -0.02 -0.0
0.98 -0.02 -0.22
0.97 -0.02 -0.23
0.98 -0.02 -0.22
0.97 -0.02 -0.22
0.98 -0.02 -0.23
0.98 -0.02 -0.22
0.98 -0.03 -0.23
0.98 -0.03 -0.23
0.97 -0.02 -0.23
0.97 -0.02 -0.24
0.97 -0.03 -0.24
0.96 -0.02 -0.24
0.97 -0.03 -0.23
0.96 -0.03 -0.24
0.96 -0.02 -0.24
0.97 -0.02 -0.24
0.97 -0.02 -0.23
0.97 -0.03 -0.24
0.97 -0.02 -0.24
0.96 -0.02 -0.24
0.97 -0.02 -0.24
0.97 -0.02 -0.24
0.97 -0.02 -0.23
0.97 -0.02 -0.23
0.98 -0.03 -0.23
0.98 -0.03 -0.22
0.97 -0.03 -0.21
0.97 -0.03 -0.22
0.97 -0.03 -0.23
0.97 -0.03 -0.22
0.98 -0.03 -0.22
0.98 -0.02 -0.23
0.98 -0.02 -0.23
0.98 -0.03 -0.23
0.98 -0.03 -0.23
0.98 -0.03 -0.23
0.97 -0.03 -0.22
0.98 -0.02 -0.23
0.97 -0.04 -0.22
0.98 -0.02 -0.22
0.97 -0.03 -0.22
0.98 -0.03 -0.23
0.97 -0.03 -0.23
0.98 -0.01 -0.0
0.98 -0.06 -0.2
0.98 -0.05 -0.0
0.97 -0.06 -0.2
0.97 -0.06 -0.2
0.97 -0.01 -0.23
0.98 0.0 -0.21
0.97 0.0 -0.23
0.98 0.01 -0.23
0.97 -0.0 -0.23
0.98 -0.03 -0.21
0.98 -0.03 -0.23
0.98 -0.05 -0.2
0.98 -0.05 -0.22
0.97 -0.03 -0.23
0.97 -0.0 -0.25
0.97 -0.02 -0.26
0.98 -0.03 -0.23
0.97 -0.03 -0.24
0.98 -0.02 -0.23
0.97 -0.02 -0.24
0.98 -0.04 -0.23
0.97 -0.03 -0.21
0.98 -0.04 -0.2
0.97 -0.04 -0.2
0.96 -0.03 -0.22
0.98 -0.04 -0.21
0.98 -0.03 -0.21
0.97 -0.03 -0.21
0.97 -0.04 -0.21
0.98 -0.03 -0.21
0.98 -0.03 -0.21
0.98 -0.03 -0.21
0.97 -0.04 -0.21
0.97 -0.04 -0.21
0.98 -0.04 -0.21
0.97 -0.03 -0.22
0.97 -0.03 -0.22
0.97 -0.03 -0.22
0.98 -0.03 -0.23
0.98 -0.05 -0.2
0.97 -0.03 -0.23
0.97 -0.04 -0.23
0.98 -0.04 -0.22
0.98 -0.03 -0.21
0.97 -0.04 -0.21
0.98 -0.05 -0.21
0.98 -0.04 -0.21
0.98 -0.03 -0.2
0.99 -0.04 -0.19
0.97 -0.05 -0.19
0.97 -0.02 -0.19
1.00 -0.07 -0.16
1.00 -0.1 -0.14
1.00 -0.09 -0.14
0.97 -0.09 -0.13
0.98 -0.08 -0.14
0.98 -0.09 -0.15
0.98 -0.09 -0.14
0.98 -0.08 -0.14
0.98 -0.09 -0.14
0.98 -0.09 -0.15
0.98 -0.09 -0.15
0.98 -0.08 -0.14
0.98 -0.09 -0.15
0.98 -0.09 -0.16
0.98 -0.09 -0.15
0.98 -0.1 -0.15
0.98 -0.08 -0.17
0.98 -0.04 -0.2
0.98 -0.04 -0.2
0.98 -0.03 -0.22
0.98 -0.05 -0.2
0.98 -0.03 -0.21
0.97 -0.02 -0.23
0.97 -0.02 -0.23
0.98 -0.02 -0.22
0.97 -0.02 -0.22
0.97 -0.03 -0.23
0.97 -0.04 -0.23
0.98 -0.03 -0.22
0.97 -0.03 -0.22
0.97 -0.03 -0.24
0.98 -0.03 -0.24
0.97 -0.02 -0.23
0.97 -0.03 -0.23
0.97 -0.03 -0.23
0.97 -0.04 -0.22
0.97 -0.02 -0.23
0.97 -0.04 -0.23
0.97 -0.03 -0.24
0.97 -0.03 -0.23
0.97 -0.03 -0.23
0.98 -0.03 -0.21
0.97 -0.03 -0.23
0.98 -0.03 -0.23
0.97 -0.04 -0.22
0.97 -0.03 -0.22
0.97 -0.03 -0.22
0.97 -0.02 -0.22
0.98 -0.03 -0.23
0.98 -0.03 -0.23
0.96 -0.04 -0.22
0.97 -0.03 -0.23
0.97 -0.03 -0.23
0.97 -0.03 -0.23
0.97 -0.03 -0.23
0.97 -0.04 -0.23
0.97 -0.04 -0.23
0.97 -0.03 -0.24
0.98 -0.02 -0.23
0.97 -0.03 -0.21
0.97 -0.03 -0.2
0.98 -0.04 -0.2
0.97 -0.03 -0.2
0.97 -0.04 -0.21
0.98 -0.03 -0.21
0.97 -0.03 -0.22
0.98 -0.03 -0.22
0.97 -0.04 -0.22
0.97 -0.04 -0.21
0.97 -0.03 -0.22
0.98 -0.04 -0.21
0.97 -0.04 -0.22
0.98 -0.02 -0.23
0.97 -0.03 -0.22
0.97 -0.03 -0.23
0.97 -0.03 -0.23
0.98 -0.03 -0.23
0.98 -0.03 -0.23
0.98 -0.03 -0.23
0.98 -0.04 -0.22
0.97 -0.04 -0.23
0.97 -0.03 -0.23
0.97 -0.04 -0.22
0.98 -0.04 -0.21
0.97 -0.05 -0.21
0.99 -0.04 -0.18
0.99 -0.07 -0.16
0.99 -0.07 -0.13
0.98 -0.09 -0.16
0.99 -0.05 -0.17
0.98 -0.06 -0.16
0.99 -0.06 -0.13
0.98 -0.05 -0.15
0.97 -0.05 -0.15
1.00 -0.06 -0.13
0.98 -0.07 -0.13
0.99 -0.08 -0.14
0.98 -0.06 -0.12
0.99 -0.05 -0.1
0.98 -0.05 -0.12
0.99 -0.05 -0.07
0.99 -0.05 -0.09
1.00 -0.05 -0.11
0.98 -0.05 -0.11
0.98 -0.03 -0.14
0.98 -0.06 -0.14
0.99 -0.04 -0.17
0.98 -0.02 -0.17
0.98 -0.05 -0.2
0.98 -0.04 -0.19
0.98 -0.03 -0.19
0.98 -0.04 -0.18
0.98 -0.03 -0.19
0.98 -0.04 -0.18
0.98 -0.04 -0.19
0.98 -0.03 -0.18
0.98 -0.04 -0.19
0.98 -0.03 -0.2
0.98 -0.04 -0.2
0.98 -0.02 -0.21
0.97 -0.03 -0.2
0.97 -0.04 -0.2
0.97 -0.03 -0.21
0.98 -0.03 -0.21
0.97 -0.02 -0.22
0.98 -0.03 -0.21
0.98 -0.02 -0.0
0.97 -0.02 -0.21
0.98 -0.02 -0.2
0.98 -0.02 -0.21
0.98 -0.03 -0.21
0.98 -0.02 -0.2
0.98 -0.03 -0.21
0.98 -0.02 -0.21
0.97 -0.02 -0.22
0.98 -0.03 -0.21
0.97 -0.02 -0.23
0.97 -0.02 -0.22
0.98 -0.02 -0.21
0.97 -0.03 -0.21
0.98 -0.03 -0.22
0.97 -0.03 -0.21
0.97 -0.03 -0.22
0.97 -0.03 -0.22
0.97 -0.03 -0.22
0.98 -0.04 -0.22
0.97 -0.04 -0.21
0.97 -0.04 -0.21
0.97 -0.04 -0.21
0.96 -0.05 -0.23
0.99 -0.04 -0.2
0.98 -0.05 -0.2
0.98 -0.03 -0.2
0.98 -0.04 -0.19
0.98 -0.05 -0.17
0.98 -0.05 -0.2
0.97 -0.05 -0.18
0.98 -0.08 -0.15
0.98 -0.06 -0.18
0.99 -0.08 -0.14
0.98 -0.05 -0.14
0.98 -0.04 -0.14
0.98 -0.05 -0.13
0.99 -0.05 -0.13
0.98 -0.05 -0.14
0.98 -0.0 -0.23
0.98 -0.01 -0.24
0.97 -0.0 -0.24
0.97 -0.0 -0.24
0.97 0.0 -0.23
0.98 0.01 -0.23
0.98 0.0 -0.23
0.97 -0.0 -0.22
0.98 -0.01 -0.21
0.96 -0.02 -0.2
0.97 0.01 -0.22
0.98 -0.0 -0.21
0.98 -0.0 -0.21
0.98 0.0 -0.23
0.97 0.0 -0.23
0.98 -0.0 -0.0
0.98 -0.0 -0.22
0.98 -0.0 -0.23
0.97 -0.01 -0.23
0.97 -0.01 -0.23
0.97 0.0 -0.22
0.97 -0.0 -0.0
0.97 0.0 -0.23
0.98 0.0 -0.24
0.97 0.0 -0.24
0.97 -0.0 -0.23
0.98 -0.0 -0.24
0.98 -0.01 -0.2
0.97 -0.01 -0.24
0.97 -0.01 -0.0
0.97 -0.01 -0.23
0.97 -0.01 -0.24
0.97 -0.0 -0.24
0.97 0.0 -0.24
0.97 -0.0 -0.24
0.97 -0.0 -0.23
0.97 -0.01 -0.24
0.97 0.0 -0.25
0.97 0.0 -0.23
0.97 0.0 -0.24
0.98 -0.01 -0.24
0.96 0.0 -0.24
0.96 -0.01 -0.24
0.97 0.0 -0.24
0.97 0.0 -0.25
0.97 -0.01 -0.25
0.97 -0.01 -0.24
0.96 0.0 -0.24
0.97 -0.01 -0.24
0.97 -0.01 -0.23
0.97 -0.01 -0.23
0.98 -0.01 -0.23
0.97 -0.01 -0.23
0.97 -0.01 -0.23
0.97 -0.01 -0.23
0.97 -0.0 -0.24
0.97 -0.0 -0.24
0.97 -0.0 -0.23
0.97 -0.0 -0.24
0.98 -0.0 -0.24
0.97 -0.0 -0.24
0.97 0.0 -0.24
0.97 -0.0 -0.25
0.97 -0.0 -0.25
0.98 -0.01 -0.24
0.97 -0.01 -0.24
0.97 -0.01 -0.24
0.96 -0.0 -0.24
0.96 -0.0 -0.25
0.97 -0.0 -0.25
0.97 -0.01 -0.25
0.97 -0.01 -0.25
0.97 -0.01 -0.24
0.97 -0.02 -0.24
0.97 -0.01 -0.24
0.97 -0.01 -0.23
0.98 -0.02 -0.24
0.96 -0.01 -0.23
0.97 -0.01 -0.23
0.97 -0.0 -0.24
0.97 -0.02 -0.23
0.97 -0.0 -0.24
0.97 -0.0 -0.24
0.98 -0.01 -0.24
0.98 0.0 -0.24
0.96 -0.01 -0.24
0.97 -0.0 -0.24
0.97 -0.01 -0.24
0.97 -0.01 -0.25
0.97 -0.02 -0.25
0.97 -0.01 -0.25
0.97 -0.01 -0.23
0.97 -0.02 -0.25
0.97 -0.01 -0.23
0.97 -0.02 -0.24
0.97 -0.01 -0.23
0.97 -0.01 -0.24
0.96 -0.01 -0.24
0.97 -0.02 -0.24
0.97 -0.0 -0.24
0.96 -0.02 -0.24
0.97 -0.0 -0.25
0.97 -0.0 -0.25
0.98 -0.01 -0.25
0.97 0.0 -0.24
0.97 0.0 -0.24
0.97 -0.01 -0.25
0.97 0.0 -0.25
0.97 -0.01 -0.25
0.97 0.0 -0.25
0.97 -0.01 -0.25
0.96 0.0 -0.25
0.97 -0.0 -0.24
0.97 -0.01 -0.25
0.97 -0.01 -0.25
0.97 -0.01 -0.24
0.96 -0.01 -0.23
0.97 -0.01 -0.24
0.97 -0.01 -0.24
0.97 -0.02 -0.24
0.97 -0.01 -0.24
0.97 -0.01 -0.25
0.97 -0.01 -0.24
0.97 -0.01 -0.25
0.97 -0.0 -0.25
0.97 -0.0 -0.25
0.96 -0.01 -0.25
0.96 -0.0 -0.25
0.97 -0.01 -0.25
0.97 -0.01 -0.25
0.96 -0.0 -0.25
0.97 -0.01 -0.25
0.97 0.0 -0.25
0.97 -0.0 -0.25
0.96 -0.0 -0.24
0.96 0.0 -0.25
0.97 -0.01 -0.24
0.97 -0.02 -0.24
0.97 -0.01 -0.24
0.97 -0.01 -0.24
0.97 -0.0 -0.24
0.97 -0.01 -0.24
0.96 -0.01 -0.24
0.97 -0.01 -0.24
0.96 -0.01 -0.24
0.97 0.0 -0.24
0.97 -0.01 -0.25
0.96 -0.01 -0.25
0.97 -0.0 -0.25
0.97 -0.0 -0.25
0.97 -0.01 -0.25
0.97 -0.0 -0.25
0.97 -0.01 -0.24
0.97 -0.01 -0.24
0.97 -0.01 -0.24
0.98 -0.01 -0.24
0.97 -0.02 -0.24
0.96 -0.02 -0.23
0.97 -0.01 -0.24
0.97 -0.0 -0.25
0.97 -0.0 -0.25
0.96 0.0 -0.25
0.96 -0.02 -0.24
0.96 -0.0 -0.25
0.96 -0.0 -0.25
0.97 -0.01 -0.25
0.97 -0.01 -0.24
0.97 -0.0 -0.25
0.97 -0.01 -0.25
0.97 -0.01 -0.25
0.97 -0.02 -0.24
0.97 -0.01 -0.24
0.97 -0.01 -0.25
0.97 -0.01 -0.24
0.97 -0.01 -0.24
0.97 -0.01 -0.23
0.97 -0.01 -0.23
0.97 -0.01 -0.24
0.97 -0.0 -0.24
0.96 0.0 -0.24
0.96 0.0 -0.27
0.95 0.01 -0.27
0.98 0.06 -0.0
0.96 0.03 -0.28
0.98 0.0 -0.2
0.98 0.05 -0.25
0.96 0.03 -0.23
0.97 0.03 -0.25
0.97 0.03 -0.23
0.98 0.04 -0.25
0.97 0.02 -0.24
0.97 0.01 -0.23
0.97 0.0 -0.24
0.97 0.0 -0.23
0.97 0.0 -0.24
0.96 0.01 -0.2
0.97 0.01 -0.25
0.97 0.0 -0.25
0.98 0.0 -0.25
0.97 0.0 -0.25
0.97 -0.0 -0.25
0.97 0.01 -0.25
0.97 0.01 -0.25
0.97 -0.0 -0.25
0.97 0.01 -0.25
0.97 -0.0 -0.26
0.96 0.01 -0.25
0.96 0.0 -0.25
0.96 0.0 -0.25
0.97 0.0 -0.25
0.97 0.01 -0.25
0.96 0.01 -0.24
0.96 0.0 -0.26
0.97 0.01 -0.25
0.97 0.01 -0.26
0.97 0.02 -0.25
0.97 0.02 -0.25
0.97 0.01 -0.24
0.97 0.02 -0.0
0.97 0.01 -0.24
0.96 0.01 -0.25
0.97 0.02 -0.25
0.96 0.02 -0.25
0.97 0.02 -0.25
0.97 0.02 -0.25
0.97 0.01 -0.25
0.97 0.0 -0.25
0.96 0.02 -0.25
0.97 0.01 -0.25
0.97 0.02 -0.25
0.96 0.02 -0.26
0.97 0.02 -0.26
0.97 0.01 -0.25
0.96 0.01 -0.25
0.97 0.01 -0.25
0.96 0.01 -0.26
0.97 0.02 -0.26
0.96 0.02 -0.26
0.96 0.02 -0.26
0.96 0.02 -0.26
0.96 0.02 -0.26
0.97 0.02 -0.27
0.96 0.01 -0.26
0.96 0.01 -0.26
0.97 0.01 -0.26
0.96 0.02 -0.25
0.96 0.02 -0.27
0.97 0.02 -0.26
0.97 0.02 -0.26
0.97 0.02 -0.25
0.96 0.01 -0.26
0.96 0.02 -0.26
0.96 0.01 -0.25
0.97 0.02 -0.25
0.96 0.02 -0.26
0.96 0.02 -0.25
0.97 0.02 -0.25
0.96 0.01 -0.26
0.96 0.01 -0.25
0.96 0.02 -0.27
0.96 0.02 -0.25
0.96 0.03 -0.27
0.97 0.02 -0.27
0.95 0.03 -0.28
0.96 0.02 -0.29
0.96 0.02 -0.27
0.98 0.02 -0.3
0.98 0.02 -0.25
0.95 0.02 -0.23
0.95 0.04 -0.28
0.98 -0.04 -0.19
0.96 0.01 -0.23
0.94 -0.03 -0.21
1.01 -0.05 -0.2
0.97 -0.04 -0.14
0.98 -0.06 -0.13
0.98 -0.05 -0.15
0.98 -0.1 -0.14
0.97 -0.07 -0.14
1.00 -0.07 -0.14
1.00 -0.13 -0.1
1.00 -0.12 -0.13
0.98 -0.03 -0.25
0.96 -0.01 -0.24
0.97 0.02 -0.27
0.95 0.04 -0.25
0.97 0.05 -0.25
0.97 0.06 -0.25
0.97 0.05 -0.25
0.96 0.06 -0.26
0.95 0.05 -0.26
0.97 0.04 -0.25
0.96 0.04 -0.26
0.96 0.04 -0.25
0.97 0.04 -0.26
0.98 0.04 -0.25
0.96 0.04 -0.25
0.96 0.05 -0.26
0.96 0.04 -0.26
0.96 0.04 -0.27
0.96 0.04 -0.26
0.97 0.04 -0.25
0.97 0.05 -0.26
0.96 0.04 -0.26
0.96 0.04 -0.27
0.97 0.04 -0.26
0.96 0.04 -0.26
0.96 0.03 -0.27
0.95 0.03 -0.27
0.96 0.04 -0.27
0.96 0.04 -0.26
0.97 0.02 -0.26
0.97 0.02 -0.2
0.97 0.03 -0.25
0.96 0.03 -0.26
0.96 0.03 -0.2
0.97 0.03 -0.26
0.96 0.04 -0.2
0.96 0.02 -0.26
0.96 0.03 -0.27
0.96 0.03 -0.26
0.96 0.03 -0.26
0.96 0.03 -0.26
0.96 0.02 -0.27
0.96 0.02 -0.27
0.96 0.03 -0.27
0.97 0.03 -0.27
0.97 0.02 -0.26
0.96 0.02 -0.26
0.96 0.03 -0.26
0.96 0.02 -0.26
0.96 0.03 -0.26
0.96 0.03 -0.26
0.96 0.03 -0.26
0.97 0.02 -0.26
0.96 0.02 -0.26
0.97 0.03 -0.26
0.96 0.03 -0.0
0.96 0.02 -0.27
0.96 0.02 -0.26
0.96 0.02 -0.25
0.97 0.01 -0.25
0.97 0.01 -0.25
0.96 0.01 -0.25
0.96 0.02 -0.25
0.97 0.01 -0.26
0.97 0.01 -0.25
0.97 0.01 -0.25
0.96 0.01 -0.25
0.97 0.0 -0.25
0.97 0.0 -0.25
0.96 0.01 -0.24
0.97 0.01 -0.25
0.97 0.01 -0.25
0.97 0.01 -0.25
0.96 0.01 -0.25
0.97 0.02 -0.2
0.96 0.01 -0.26
0.97 0.01 -0.25
0.96 0.01 -0.27
0.96 0.01 -0.25
0.97 0.0 -0.25
0.97 0.0 -0.25
0.96 0.02 -0.27
0.96 0.02 -0.25
0.96 0.02 -0.28
0.96 0.02 -0.27
0.96 0.02 -0.27
0.97 0.02 -0.27
0.96 0.02 -0.26
0.96 0.02 -0.26
0.97 0.01 -0.26
0.97 0.02 -0.25
0.96 0.01 -0.26
0.97 0.01 -0.27
0.97 0.01 -0.25
0.96 0.02 -0.26
0.97 0.02 -0.27
0.96 0.01 -0.26
0.96 0.01 -0.26
0.96 0.01 -0.26
0.96 0.01 -0.27
0.96 0.01 -0.26
0.97 0.02 -0.26
0.96 0.02 -0.27
0.96 0.01 -0.26
0.97 0.02 -0.27
0.96 0.02 -0.26
0.96 0.02 -0.27
0.96 0.01 -0.26
0.97 0.02 -0.23
0.97 0.01 -0.23
0.98 0.0 -0.23
0.97 0.0 -0.23
0.98 0.01 -0.23
0.97 0.0 -0.23
0.97 0.01 -0.24
0.97 0.01 -0.24
0.97 0.02 -0.24
0.96 0.02 -0.25
0.97 0.02 -0.24
0.97 0.01 -0.24
0.97 0.01 -0.24
0.97 0.01 -0.24
0.97 0.01 -0.24
0.97 0.01 -0.24
0.97 0.01 -0.24
0.97 0.02 -0.24
0.97 0.02 -0.24
0.97 0.01 -0.24
0.96 0.01 -0.24
0.97 0.01 -0.24
0.97 0.01 -0.25
0.97 0.02 -0.25
0.98 0.01 -0.25
0.96 0.02 -0.25
0.98 0.01 -0.25
0.96 0.02 -0.25
0.96 0.02 -0.25
0.96 0.01 -0.26
0.96 0.01 -0.25
0.97 0.01 -0.25
0.97 0.02 -0.26
0.96 0.02 -0.26
0.97 0.02 -0.26
0.96 0.02 -0.26
0.97 0.02 -0.25
0.96 0.01 -0.26
0.97 0.01 -0.25
0.97 0.01 -0.25
0.97 0.02 -0.25
0.97 0.02 -0.26
0.97 0.01 -0.26
0.97 0.01 -0.0
0.96 0.02 -0.26
0.97 0.02 -0.26
0.96 0.01 -0.26
0.96 0.02 -0.26
0.96 0.02 -0.25
0.96 0.02 -0.26
0.96 0.02 -0.26
0.97 0.02 -0.26
0.96 0.02 -0.26
0.96 0.01 -0.26
0.97 0.02 -0.26
0.96 0.02 -0.25
0.96 0.02 -0.26
0.97 0.02 -0.26
0.96 0.02 -0.26
0.97 0.01 -0.26
0.97 0.02 -0.26
0.96 0.02 -0.27
0.96 0.03 -0.27
0.97 0.03 -0.25
0.97 0.01 -0.21
0.98 0.0 -0.23
0.98 -0.02 -0.2
0.98 -0.02 -0.21
0.97 -0.01 -0.23
0.98 -0.02 -0.23
0.97 -0.02 -0.25
0.97 -0.02 -0.23
0.97 -0.02 -0.24
0.97 -0.02 -0.23
0.97 -0.02 -0.23
0.98 -0.02 -0.24
0.97 -0.01 -0.24
0.97 -0.02 -0.24
0.97 -0.01 -0.23
0.97 -0.02 -0.24
0.96 -0.01 -0.24
0.97 -0.01 -0.23
0.97 -0.01 -0.25
0.96 -0.02 -0.24
0.96 -0.02 -0.25
0.98 -0.01 -0.25
0.97 -0.02 -0.23
0.96 -0.02 -0.24
0.97 -0.01 -0.25
0.97 -0.02 -0.25
0.97 -0.02 -0.25
0.97 -0.02 -0.25
0.96 -0.02 -0.25
0.97 -0.02 -0.25
0.98 -0.02 -0.25
0.97 -0.02 -0.26
0.96 -0.02 -0.26
0.96 -0.02 -0.25
0.98 -0.02 -0.23
1.01 -0.04 -0.17
0.98 -0.06 -0.16
0.99 -0.05 -0.12
0.98 -0.06 -0.16
0.99 -0.05 -0.14
0.97 -0.08 -0.18
0.98 -0.06 -0.15
1.00 -0.05 -0.18
0.98 -0.01 -0.1
1.00 -0.04 -0.14
0.98 -0.04 -0.16
0.96 -0.02 -0.17
0.98 -0.02 -0.15
0.99 -0.04 -0.18
0.97 -0.06 -0.16
0.97 -0.04 -0.17
0.98 -0.05 -0.18
0.98 -0.06 -0.18
0.97 -0.04 -0.21
0.98 -0.05 -0.18
0.98 -0.04 -0.19
0.97 -0.03 -0.2
0.97 -0.03 -0.19
0.97 -0.04 -0.21
0.98 -0.03 -0.2
0.98 -0.04 -0.2
0.98 -0.04 -0.19
0.98 -0.05 -0.2
0.98 -0.05 -0.18
0.98 -0.05 -0.2
0.98 -0.04 -0.2
0.99 -0.05 -0.2
0.98 -0.04 -0.19
0.98 -0.05 -0.19
0.98 -0.05 -0.19
0.98 -0.05 -0.2
0.98 -0.04 -0.19
0.98 -0.05 -0.18
0.98 -0.05 -0.19
0.97 -0.04 -0.2
0.98 -0.05 -0.2
0.98 -0.05 -0.21
0.98 -0.04 -0.2
0.97 -0.05 -0.21
0.97 -0.05 -0.21
0.98 -0.05 -0.2
0.98 -0.05 -0.21
0.97 -0.04 -0.2
0.97 -0.04 -0.21
0.98 -0.05 -0.21
0.98 -0.05 -0.21
0.97 -0.04 -0.21
0.98 -0.05 -0.2
0.98 -0.04 -0.2
0.98 -0.05 -0.2
0.97 -0.04 -0.2
0.97 -0.05 -0.2
0.98 -0.05 -0.2
0.98 -0.05 -0.2
0.98 -0.05 -0.21
0.97 -0.04 -0.21
0.98 -0.05 -0.21
0.98 -0.04 -0.21
0.97 -0.04 -0.21
0.97 -0.05 -0.21
0.98 -0.05 -0.21
0.98 -0.04 -0.21
0.98 -0.05 -0.21
0.97 -0.04 -0.21
0.97 -0.05 -0.21
0.97 -0.05 -0.21
0.97 -0.04 -0.21
0.97 -0.04 -0.21
0.96 -0.05 -0.22
0.97 -0.04 -0.2
0.98 -0.04 -0.18
0.98 -0.04 -0.18
0.98 -0.05 -0.18
0.98 -0.04 -0.2
0.98 -0.04 -0.19
0.97 -0.04 -0.2
0.98 -0.04 -0.19
0.98 -0.04 -0.2
0.98 -0.05 -0.2
0.98 -0.04 -0.2
0.98 -0.04 -0.2
0.98 -0.04 -0.2
0.98 -0.05 -0.2
0.98 -0.04 -0.2
0.97 -0.04 -0.2
0.97 -0.04 -0.0
0.98 -0.04 -0.21
0.97 -0.04 -0.2
0.97 -0.04 -0.2
0.98 -0.04 -0.2
0.98 -0.04 -0.2
0.98 -0.04 -0.21
0.98 -0.04 -0.2
0.98 -0.04 -0.21
0.98 -0.04 -0.22
0.98 -0.04 -0.21
0.97 -0.05 -0.22
0.97 -0.04 -0.22
0.97 -0.04 -0.21
0.97 -0.05 -0.21
0.97 -0.03 -0.23
0.97 -0.04 -0.21
0.97 -0.05 -0.23
0.97 -0.05 -0.22
0.98 -0.04 -0.23
0.97 -0.04 -0.22
0.98 -0.04 -0.23
0.97 -0.04 -0.22
0.98 -0.04 -0.22
0.97 -0.04 -0.22
0.97 -0.04 -0.23
0.97 -0.04 -0.23
0.97 -0.04 -0.22
0.98 -0.04 -0.22
0.98 -0.04 -0.22
0.95 -0.04 -0.18
0.98 -0.06 -0.2
0.98 -0.04 -0.18
0.98 -0.01 -0.2
0.98 -0.02 -0.2
0.98 -0.01 -0.23
0.97 0.01 -0.21
0.98 0.01 -0.2
0.98 0.0 -0.22
0.97 0.0 -0.23
0.97 0.0 -0.23
0.97 -0.01 -0.23
0.97 -0.01 -0.23
0.97 0.0 -0.23
0.96 -0.01 -0.23
0.95 0.0 -0.24
0.98 -0.03 -0.21
0.97 -0.04 -0.25
0.97 -0.03 -0.25
0.97 -0.04 -0.25
0.97 -0.04 -0.25
0.97 -0.04 -0.25
0.96 -0.04 -0.25
0.97 -0.04 -0.25
0.97 -0.04 -0.24
0.97 -0.03 -0.24
0.97 -0.03 -0.0
0.97 -0.04 -0.24
0.97 -0.03 -0.23
0.97 -0.03 -0.23
0.97 -0.03 -0.23
0.97 -0.03 -0.23
0.97 -0.03 -0.23
0.97 -0.03 -0.23
0.98 -0.02 -0.23
0.96 -0.03 -0.23
0.97 -0.04 -0.23
0.97 -0.04 -0.23
0.97 -0.03 -0.24
0.97 -0.03 -0.24
0.96 -0.03 -0.24
0.97 -0.03 -0.2
0.97 -0.04 -0.23
0.97 -0.03 -0.23
0.96 -0.04 -0.24
0.97 -0.03 -0.25
0.97 -0.03 -0.25
0.96 -0.03 -0.24
0.97 -0.03 -0.25
0.97 -0.03 -0.25
0.96 -0.03 -0.25
0.97 -0.03 -0.24
0.98 -0.03 -0.24
0.96 -0.03 -0.24
0.96 -0.03 -0.24
0.96 -0.02 -0.25
0.97 -0.03 -0.24
0.97 -0.03 -0.24
0.97 -0.03 -0.25
0.96 -0.02 -0.25
0.97 -0.04 -0.25
0.97 -0.03 -0.25
0.97 -0.02 -0.25
0.97 -0.02 -0.24
0.97 -0.03 -0.23
0.97 -0.03 -0.0
0.98 -0.03 -0.24
0.97 -0.03 -0.23
0.97 -0.03 -0.23
0.97 -0.03 -0.23
0.97 -0.03 -0.24
0.97 -0.03 -0.23
0.97 -0.02 -0.23
0.97 -0.02 -0.23
0.97 -0.02 -0.24
0.97 -0.02 -0.24
0.97 -0.03 -0.23
0.97 -0.03 -0.24
0.97 -0.03 -0.25
0.98 -0.03 -0.24
0.97 -0.03 -0.24
0.97 -0.03 -0.25
0.96 -0.02 -0.25
0.98 -0.03 -0.24
0.97 -0.03 -0.24
0.97 -0.03 -0.25
0.96 -0.02 -0.24
0.96 -0.02 -0.24
0.99 -0.02 -0.2
0.98 -0.02 -0.2
0.98 -0.03 -0.2
0.97 -0.03 -0.2
0.98 -0.03 -0.21
0.97 -0.03 -0.22
0.97 -0.03 -0.22
0.98 -0.02 -0.2
0.98 -0.03 -0.21
0.98 -0.02 -0.21
0.98 -0.02 -0.21
0.96 -0.04 -0.21
0.98 -0.03 -0.19
0.95 -0.04 -0.22
0.98 -0.02 -0.21
1.00 -0.04 -0.2
0.97 -0.04 -0.22
0.98 -0.04 -0.22
0.97 -0.02 -0.22
0.96 -0.03 -0.25
0.96 -0.04 -0.25
0.97 -0.04 -0.24
0.97 -0.03 -0.24
0.97 -0.03 -0.23
0.97 -0.03 -0.21
0.97 -0.03 -0.21
0.98 -0.03 -0.2
0.98 -0.03 -0.21
0.98 -0.04 -0.21
0.97 -0.03 -0.19
0.98 -0.02 -0.21
0.98 -0.04 -0.21
0.97 -0.03 -0.21
0.98 -0.03 -0.23
0.97 -0.04 -0.22
0.98 -0.04 -0.23
0.96 -0.02 -0.23
0.97 -0.03 -0.23
0.98 -0.05 -0.22
0.98 -0.04 -0.23
0.97 -0.03 -0.23
0.98 -0.03 -0.23
0.98 -0.03 -0.23
0.98 -0.03 -0.23
0.98 -0.03 -0.21
0.98 -0.02 -0.23
0.97 -0.03 -0.23
0.97 -0.04 -0.23
0.97 -0.04 -0.21
0.97 -0.03 -0.23
0.97 -0.02 -0.24
0.98 -0.02 -0.24
0.97 -0.04 -0.21
0.97 -0.04 -0.24
0.98 -0.05 -0.22
0.98 -0.04 -0.23
0.97 -0.04 -0.24
0.98 -0.04 -0.23
0.97 -0.04 -0.24
0.96 -0.05 -0.25
0.97 -0.05 -0.24
0.96 -0.04 -0.23
0.96 -0.04 -0.25
0.97 -0.05 -0.25
0.97 -0.05 -0.24
0.98 -0.05 -0.25
0.97 -0.04 -0.24
0.97 -0.04 -0.24
0.97 -0.04 -0.25
0.95 -0.07 -0.21
0.94 -0.06 -0.22
0.98 -0.04 -0.19
0.99 -0.08 -0.16
0.99 -0.07 -0.21
0.96 -0.05 -0.17
0.98 -0.06 -0.19
0.98 -0.05 -0.2
0.98 -0.06 -0.22
0.98 -0.05 -0.2
0.97 -0.05 -0.23
0.98 0.0 -0.22
0.98 -0.04 -0.21
0.99 -0.05 -0.17
0.97 -0.04 -0.22
0.97 -0.05 -0.23
0.98 -0.04 -0.22
0.98 -0.03 -0.21
0.97 -0.05 -0.0
0.97 -0.05 -0.21
0.98 -0.05 -0.2
0.97 -0.04 -0.21
0.97 -0.04 -0.22
0.97 -0.05 -0.21
0.98 -0.05 -0.22
0.97 -0.05 -0.0
0.97 -0.05 -0.23
0.97 -0.05 -0.23
0.97 -0.05 -0.23
0.97 -0.05 -0.23
0.97 -0.05 -0.24
0.97 -0.05 -0.23
0.97 -0.05 -0.23
0.96 -0.05 -0.22
0.97 -0.05 -0.23
0.97 -0.05 -0.23
0.96 -0.05 -0.24
0.97 -0.05 -0.23
0.97 -0.05 -0.23
0.97 -0.05 -0.23
0.97 -0.04 -0.23
0.96 -0.05 -0.23
0.97 -0.05 -0.23
0.97 -0.05 -0.23
0.96 -0.04 -0.23
0.98 -0.04 -0.21
0.99 -0.06 -0.15
1.00 -0.05 -0.12
0.99 -0.04 -0.13
0.99 -0.05 -0.13
1.00 -0.02 -0.11
0.98 -0.04 -0.14
0.99 -0.04 -0.14
1.01 -0.04 -0.13
1.00 -0.05 -0.13
0.97 -0.02 -0.17
0.95 -0.0 -0.22
0.97 -0.05 -0.19
0.99 -0.01 -0.19
0.99 -0.02 -0.14
0.98 -0.0 -0.18
0.98 -0.03 -0.19
0.99 -0.02 -0.16
0.97 -0.02 -0.16
0.99 -0.03 -0.18
0.99 -0.03 -0.19
0.98 -0.01 -0.15
0.98 -0.06 -0.16
0.98 -0.04 -0.16
0.98 -0.03 -0.17
0.98 -0.05 -0.13
0.98 -0.07 -0.13
0.98 -0.04 -0.16
0.98 -0.03 -0.15
0.99 -0.04 -0.13
0.98 -0.03 -0.14
0.99 -0.03 -0.14
0.98 -0.04 -0.13
1.00 -0.04 -0.13
1.00 -0.08 -0.11
0.76 -0.5 -0.41
0.93 -0.55 -0.34
0.76 -0.49 -0.46
0.75 -0.48 -0.44
0.76 -0.5 -0.42
0.74 -0.52 -0.43
0.75 -0.52 -0.4
0.75 -0.5 -0.42
0.75 -0.5 -0.43
0.72 -0.53 -0.43
0.74 -0.5 -0.41
0.67 -0.57 -0.37
0.69 -0.45 -0.69
0.68 -0.39 -0.21
0.79 -0.46 -0.33
0.80 -0.57 -0.3
0.68 -0.59 -0.32
0.73 -0.53 -0.36
0.79 -0.56 -0.31
0.75 -0.52 -0.31
0.72 -0.61 -0.3
0.74 -0.6 -0.3
0.74 -0.55 -0.36
0.73 -0.59 -0.33
0.73 -0.57 -0.32
0.78 -0.56 -0.33
0.76 -0.53 -0.36
0.75 -0.57 -0.36
0.75 -0.57 -0.34
0.76 -0.55 -0.37
0.75 -0.58 -0.35
0.74 -0.56 -0.34
0.76 -0.54 -0.35
0.79 -0.55 -0.31
0.79 -0.53 -0.31
0.79 -0.53 -0.33
0.75 -0.51 -0.34
0.75 -0.55 -0.36
0.75 -0.56 -0.34
0.74 -0.58 -0.34
0.71 -0.59 -0.0
0.62 -0.5 -0.52
0.71 -0.61 -0.39
0.71 -0.59 -0.38
0.70 -0.59 -0.37
0.75 -0.59 -0.35
0.73 -0.59 -0.35
0.73 -0.57 -0.37
0.77 -0.57 -0.34
0.73 -0.62 -0.34
0.73 -0.59 -0.33
0.73 -0.58 -0.32
0.81 -0.57 -0.3
0.72 -0.55 -0.38
0.75 -0.55 -0.36
0.74 -0.54 -0.39
0.73 -0.57 -0.38
0.73 -0.56 -0.37
0.74 -0.55 -0.37
0.73 -0.56 -0.39
0.72 -0.56 -0.4
0.75 -0.55 -0.39
0.74 -0.55 -0.39
0.73 -0.54 -0.39
0.73 -0.54 -0.39
0.74 -0.55 -0.38
0.73 -0.57 -0.37
0.75 -0.55 -0.39
0.73 -0.55 -0.39
0.73 -0.55 -0.39
0.74 -0.56 -0.36
0.72 -0.55 -0.39
0.74 -0.53 -0.4
0.72 -0.56 -0.38
0.74 -0.51 -0.41
0.74 -0.51 -0.41
0.75 -0.56 -0.4
0.74 -0.54 -0.38
0.77 -0.54 -0.38
0.71 -0.51 -0.42
0.73 -0.52 -0.43
0.71 -0.54 -0.45
0.75 -0.54 -0.42
0.73 -0.54 -0.42
0.74 -0.52 -0.41
0.75 -0.52 -0.41
0.75 -0.52 -0.41
0.74 -0.52 -0.41
0.75 -0.52 -0.41
0.75 -0.52 -0.41
0.75 -0.51 -0.41
0.75 -0.51 -0.41
0.76 -0.51 -0.41
0.75 -0.51 -0.42
0.75 -0.51 -0.41
0.75 -0.52 -0.41
0.75 -0.52 -0.41
0.74 -0.51 -0.42
0.76 -0.51 -0.44
0.71 -0.52 -0.41
0.77 -0.5 -0.43
0.72 -0.51 -0.41
0.72 -0.49 -0.45
0.74 -0.45 -0.47
0.78 -0.55 -0.42
0.73 -0.52 -0.43
0.74 -0.41 -0.46
0.80 -0.52 -0.39
0.73 -0.51 -0.42
0.79 -0.43 -0.38
0.83 -0.54 -0.33
0.77 -0.49 -0.41
0.79 -0.46 -0.37
0.78 -0.48 -0.37
0.73 -0.54 -0.41
0.73 -0.52 -0.41
0.78 -0.45 -0.39
0.79 -0.51 -0.39
0.75 -0.5 -0.4
0.76 -0.47 -0.43
0.75 -0.5 -0.39
0.76 -0.5 -0.41
0.76 -0.4 -0.46
0.86 -0.41 -0.4
0.73 -0.47 -0.51
0.77 -0.48 -0.46
0.77 -0.41 -0.43
0.76 -0.48 -0.44
0.76 -0.48 -0.44
0.76 -0.46 -0.44
0.77 -0.45 -0.45
0.77 -0.48 -0.43
0.76 -0.48 -0.42
0.77 -0.5 -0.42
0.76 -0.48 -0.42
0.77 -0.46 -0.43
0.77 -0.47 -0.44
0.75 -0.48 -0.44
0.74 -0.48 -0.43
0.75 -0.49 -0.42
0.76 -0.43 -0.47
0.79 -0.37 -0.55
0.78 -0.39 -0.5
0.78 -0.41 -0.49
0.76 -0.4 -0.52
0.75 -0.39 -0.53
0.77 -0.38 -0.53
0.76 -0.39 -0.52
0.76 -0.37 -0.53
0.77 -0.37 -0.54
0.77 -0.36 -0.54
0.75 -0.39 -0.52
0.75 -0.4 -0.53
0.76 -0.39 -0.51
0.76 -0.39 -0.52
0.76 -0.39 -0.52
0.76 -0.38 -0.53
0.77 -0.38 -0.51
0.75 -0.37 -0.52
0.76 -0.37 -0.53
0.77 -0.38 -0.54
0.77 -0.38 -0.52
0.75 -0.37 -0.54
0.75 -0.37 -0.53
0.77 -0.37 -0.0
0.77 -0.37 -0.51
0.62 -0.54 -0.57
0.62 -0.54 -0.57
0.62 -0.55 -0.57
0.62 -0.55 -0.57
0.61 -0.54 -0.57
0.62 -0.54 -0.57
0.61 -0.54 -0.58
0.61 -0.54 -0.5
0.62 -0.54 -0.57
0.62 -0.53 -0.57
0.62 -0.53 -0.58
0.62 -0.54 -0.58
0.61 -0.53 -0.59
0.61 -0.54 -0.57
0.59 -0.54 -0.59
0.61 -0.54 -0.59
0.61 -0.54 -0.57
0.61 -0.54 -0.58
0.61 -0.53 -0.57
0.64 -0.53 -0.56
0.64 -0.53 -0.54
0.64 -0.52 -0.55
0.65 -0.54 -0.54
0.64 -0.53 -0.55
0.63 -0.53 -0.55
0.63 -0.53 -0.56
0.63 -0.53 -0.56
0.64 -0.53 -0.56
0.63 -0.52 -0.58
0.64 -0.52 -0.57
0.64 -0.52 -0.57
0.64 -0.53 -0.57
0.64 -0.52 -0.55
0.62 -0.55 -0.56
0.63 -0.54 -0.56
0.64 -0.54 -0.56
0.63 -0.53 -0.57
0.64 -0.54 -0.57
0.63 -0.53 -0.57
0.63 -0.52 -0.58
0.64 -0.52 -0.57
0.64 -0.52 -0.57
0.63 -0.53 -0.57
0.63 -0.53 -0.57
0.63 -0.53 -0.57
0.62 -0.52 -0.58
0.63 -0.52 -0.58
0.64 -0.53 -0.56
0.65 -0.53 -0.55
0.64 -0.53 -0.56
0.64 -0.53 -0.58
0.64 -0.53 -0.57
0.64 -0.54 -0.56
0.63 -0.52 -0.58
0.63 -0.52 -0.57
0.63 -0.52 -0.57
0.63 -0.52 -0.58
0.62 -0.52 -0.57
0.63 -0.52 -0.58
0.63 -0.52 -0.57
0.62 -0.53 -0.58
0.63 -0.52 -0.58
0.63 -0.52 -0.58
0.62 -0.53 -0.59
0.65 -0.52 -0.59
0.60 -0.51 -0.55
0.60 -0.52 -0.58
0.61 -0.51 -0.6
0.58 -0.52 -0.6
0.60 -0.52 -0.61
0.61 -0.54 -0.59
0.60 -0.52 -0.59
0.61 -0.52 -0.61
0.61 -0.53 -0.6
0.61 -0.51 -0.6
0.62 -0.52 -0.59
0.61 -0.52 -0.6
0.60 -0.53 -0.6
0.61 -0.52 -0.6
0.61 -0.52 -0.6
0.61 -0.52 -0.59
0.61 -0.52 -0.61
0.62 -0.52 -0.6
0.61 -0.51 -0.6
0.61 -0.51 -0.59
0.62 -0.52 -0.59
0.61 -0.52 -0.59
0.61 -0.52 -0.6
0.61 -0.51 -0.59
0.61 -0.52 -0.59
0.61 -0.52 -0.59
0.62 -0.52 -0.6
0.61 -0.52 -0.6
0.61 -0.52 -0.61
0.62 -0.52 -0.59
0.62 -0.52 -0.59
0.62 -0.52 -0.59
0.62 -0.52 -0.59
0.61 -0.52 -0.6
0.62 -0.52 -0.59
0.62 -0.52 -0.6
0.62 -0.52 -0.59
0.61 -0.52 -0.59
0.61 -0.51 -0.6
0.62 -0.52 -0.59
0.62 -0.52 -0.6
0.62 -0.51 -0.61
0.61 -0.52 -0.6
0.61 -0.51 -0.61
0.61 -0.52 -0.6
0.61 -0.52 -0.6
0.61 -0.51 -0.6
0.61 -0.52 -0.6
0.61 -0.52 -0.6
0.61 -0.52 -0.6
0.61 -0.52 -0.6
0.61 -0.52 -0.6
0.61 -0.51 -0.6
0.62 -0.52 -0.6
0.61 -0.52 -0.6
0.61 -0.51 -0.6
0.61 -0.52 -0.61
0.62 -0.52 -0.61
0.61 -0.52 -0.59
0.61 -0.51 -0.6
0.61 -0.52 -0.61
0.61 -0.52 -0.6
0.61 -0.51 -0.61
0.61 -0.52 -0.61
0.61 -0.52 -0.6
0.62 -0.52 -0.6
0.62 -0.52 -0.59
0.62 -0.52 -0.6
0.62 -0.51 -0.59
0.62 -0.52 -0.59
0.61 -0.52 -0.59
0.62 -0.52 -0.59
0.62 -0.52 -0.6
0.61 -0.52 -0.6
0.62 -0.52 -0.61
0.61 -0.52 -0.6
0.61 -0.52 -0.6
0.61 -0.52 -0.6
0.61 -0.52 -0.6
0.61 -0.52 -0.6
0.61 -0.52 -0.6
0.61 -0.52 -0.59
0.61 -0.52 -0.59
0.61 -0.52 -0.59
0.61 -0.52 -0.6
0.61 -0.52 -0.6
0.61 -0.52 -0.59
0.61 -0.52 -0.59
0.62 -0.52 -0.6
0.62 -0.52 -0.59
0.61 -0.53 -0.59
0.61 -0.52 -0.59
0.61 -0.52 -0.6
0.61 -0.52 -0.6
0.61 -0.52 -0.6
0.62 -0.52 -0.6
0.61 -0.52 -0.6
0.62 -0.52 -0.59
0.61 -0.52 -0.6
0.61 -0.52 -0.59
0.61 -0.52 -0.6
0.61 -0.52 -0.59
0.62 -0.52 -0.59
0.62 -0.52 -0.59
0.62 -0.52 -0.6
0.62 -0.52 -0.59
0.62 -0.52 -0.59
0.62 -0.52 -0.59
0.62 -0.51 -0.59
0.61 -0.52 -0.59
0.62 -0.51 -0.59
0.62 -0.52 -0.59
0.61 -0.51 -0.59
0.62 -0.52 -0.59
0.61 -0.52 -0.59
0.63 -0.52 -0.6
0.61 -0.52 -0.6
0.61 -0.52 -0.6
0.61 -0.52 -0.58
0.62 -0.52 -0.59
0.62 -0.52 -0.57
0.63 -0.52 -0.59
0.62 -0.52 -0.59
0.63 -0.53 -0.57
0.63 -0.53 -0.59
0.63 -0.52 -0.58
0.62 -0.52 -0.0
0.63 -0.52 -0.59
0.62 -0.53 -0.58
0.62 -0.52 -0.58
0.62 -0.52 -0.0
0.62 -0.52 -0.6
0.61 -0.52 -0.58
0.62 -0.53 -0.58
0.62 -0.52 -0.58
0.62 -0.52 -0.59
0.62 -0.52 -0.59
0.62 -0.52 -0.59
0.62 -0.52 -0.58
0.61 -0.51 -0.59
0.64 -0.54 -0.57
0.65 -0.52 -0.55
0.64 -0.52 -0.57
0.64 -0.53 -0.56
0.63 -0.54 -0.57
0.63 -0.52 -0.57
0.63 -0.52 -0.58
0.62 -0.52 -0.57
0.63 -0.53 -0.58
0.62 -0.52 -0.58
0.63 -0.53 -0.57
0.62 -0.53 -0.58
0.62 -0.53 -0.58
0.62 -0.53 -0.58
0.62 -0.53 -0.58
0.62 -0.53 -0.58
0.62 -0.53 -0.57
0.63 -0.53 -0.58
0.62 -0.52 -0.58
0.62 -0.53 -0.59
0.62 -0.53 -0.59
0.62 -0.52 -0.58
0.62 -0.52 -0.58
0.62 -0.52 -0.58
0.63 -0.53 -0.57
0.62 -0.52 -0.58
0.62 -0.53 -0.58
0.63 -0.53 -0.58
0.62 -0.53 -0.58
0.62 -0.53 -0.58
0.62 -0.52 -0.58
0.62 -0.52 -0.59
0.61 -0.52 -0.58
0.62 -0.52 -0.58
0.62 -0.53 -0.59
0.62 -0.53 -0.59
0.62 -0.52 -0.59
0.63 -0.52 -0.59
0.63 -0.52 -0.57
0.63 -0.52 -0.58
0.63 -0.52 -0.57
0.63 -0.52 -0.59
0.63 -0.52 -0.58
0.63 -0.52 -0.59
0.61 -0.52 -0.58
0.62 -0.52 -0.59
0.63 -0.52 -0.59
0.62 -0.52 -0.59
0.62 -0.52 -0.58
0.62 -0.53 -0.59
0.61 -0.52 -0.59
0.63 -0.52 -0.58
0.62 -0.52 -0.58
0.62 -0.52 -0.59
0.62 -0.53 -0.58
0.62 -0.53 -0.59
0.62 -0.52 -0.58
0.63 -0.53 -0.59
0.63 -0.52 -0.59
0.62 -0.53 -0.59
0.62 -0.52 -0.58
0.62 -0.52 -0.59
0.63 -0.52 -0.58
0.63 -0.52 -0.58
0.63 -0.52 -0.58
0.62 -0.52 -0.57
0.63 -0.52 -0.0
0.63 -0.52 -0.59
0.63 -0.53 -0.58
0.62 -0.52 -0.59
0.61 -0.52 -0.59
0.62 -0.52 -0.58
0.62 -0.52 -0.58
0.62 -0.53 -0.58
0.63 -0.53 -0.58
0.64 -0.53 -0.57
0.63 -0.52 -0.58
0.63 -0.52 -0.57
0.63 -0.52 -0.57
0.63 -0.52 -0.59
0.64 -0.52 -0.57
0.63 -0.52 -0.58
0.63 -0.53 -0.58
0.63 -0.52 -0.57
0.63 -0.52 -0.58
0.63 -0.52 -0.58
0.62 -0.53 -0.58
0.62 -0.52 -0.59
0.62 -0.52 -0.59
0.63 -0.52 -0.58
0.62 -0.52 -0.58
0.61 -0.52 -0.59
0.62 -0.52 -0.58
0.62 -0.52 -0.58
0.63 -0.52 -0.57
0.63 -0.52 -0.57
0.63 -0.52 -0.57
0.62 -0.52 -0.0
0.62 -0.52 -0.0
0.61 -0.52 -0.59
0.62 -0.52 -0.59
0.61 -0.53 -0.59
0.61 -0.52 -0.59
0.61 -0.52 -0.59
0.62 -0.52 -0.59
0.61 -0.52 -0.6
0.61 -0.52 -0.59
0.61 -0.53 -0.59
0.61 -0.52 -0.6
0.61 -0.53 -0.59
0.62 -0.52 -0.6
0.61 -0.52 -0.59
0.61 -0.53 -0.59
0.61 -0.52 -0.59
0.61 -0.52 -0.59
0.61 -0.52 -0.6
0.60 -0.52 -0.6
0.61 -0.52 -0.6
0.61 -0.52 -0.6
0.61 -0.52 -0.0
0.60 -0.52 -0.6
0.60 -0.52 -0.6
0.61 -0.52 -0.6
0.61 -0.52 -0.61
0.61 -0.52 -0.6
0.61 -0.53 -0.6
0.62 -0.52 -0.6
0.61 -0.52 -0.6
0.61 -0.52 -0.59
0.61 -0.52 -0.59
0.61 -0.52 -0.59
0.62 -0.52 -0.59
0.62 -0.52 -0.59
0.61 -0.52 -0.6
0.61 -0.52 -0.59
0.61 -0.52 -0.59
0.61 -0.53 -0.6
0.61 -0.53 -0.59
0.62 -0.52 -0.59
0.61 -0.52 -0.59
0.61 -0.52 -0.59
0.61 -0.53 -0.6
0.60 -0.52 -0.6
0.61 -0.52 -0.59
0.61 -0.52 -0.59
0.61 -0.52 -0.59
0.61 -0.52 -0.59
0.61 -0.52 -0.6
0.61 -0.52 -0.59
0.61 -0.52 -0.6
0.61 -0.53 -0.6
0.61 -0.53 -0.59
0.61 -0.53 -0.6
0.61 -0.52 -0.6
0.61 -0.52 -0.59
0.61 -0.52 -0.59
0.61 -0.52 -0.6
0.61 -0.52 -0.59
0.61 -0.52 -0.6
0.61 -0.52 -0.6
0.60 -0.53 -0.6
0.61 -0.52 -0.61
0.61 -0.52 -0.59
0.97 -0.24 0.1
0.97 -0.21 0.09
0.97 -0.2 0.1
1.00 -0.21 0.1
0.96 -0.24 0.09
0.95 -0.24 0.11
0.96 -0.21 0.14
0.96 -0.18 0.13
0.98 -0.18 0.11
0.98 -0.18 0.09
0.96 -0.21 0.08
0.95 -0.23 0.11
0.94 -0.22 0.1
0.96 -0.22 0.11
0.98 -0.18 0.12
0.96 -0.21 0.11
0.95 -0.21 0.1
0.98 -0.21 0.13
0.94 -0.19 0.11
0.96 -0.18 0.13
0.96 -0.22 0.12
0.95 -0.22 0.1
0.96 -0.23 0.11
0.96 -0.21 0.13
0.99 -0.2 0.16
0.95 -0.22 0.12
0.95 -0.24 0.1
0.95 -0.24 0.11
0.95 -0.25 0.14
0.95 -0.22 0.11
0.95 -0.2 0.12
0.96 -0.22 0.14
0.92 -0.21 0.14
0.93 -0.22 0.14
0.95 -0.22 0.12
0.96 -0.2 0.12
0.94 -0.23 0.14
0.96 -0.23 0.15
0.92 -0.27 0.14
0.94 -0.2 0.19
0.96 -0.28 0.15
0.90 -0.37 0.13
0.92 -0.29 -0.02
0.80 -0.4 0.01
0.97 -0.02 0.3
0.95 -0.11 0.24
0.91 -0.14 0.21
1.00 -0.3 0.27
0.97 -0.23 0.0
0.93 -0.19 0.09
0.96 -0.22 0.11
0.95 -0.21 0.12
0.95 -0.21 0.13
0.96 -0.21 0.14
0.95 -0.22 0.13
0.96 -0.2 0.18
0.95 -0.21 0.16
0.96 -0.22 0.16
0.96 -0.18 0.14
0.95 -0.21 0.13
0.94 -0.22 0.11
0.94 -0.23 0.16
0.94 -0.22 0.19
0.93 -0.23 0.16
0.93 -0.27 0.15
0.93 -0.23 0.15
0.95 -0.19 0.17
0.95 -0.25 0.15
0.94 -0.21 0.17
0.93 -0.23 0.13
0.96 -0.24 0.14
0.94 -0.22 0.16
0.93 -0.22 0.15
0.96 -0.16 0.14
0.94 -0.21 0.14
0.93 -0.25 0.13
0.94 -0.25 0.15
0.94 -0.24 0.15
0.94 -0.2 0.14
0.98 -0.18 0.17
0.96 -0.16 0.12
0.95 -0.21 0.14
0.95 -0.23 0.15
0.95 -0.23 0.16
0.95 -0.21 0.15
0.96 -0.21 0.15
0.96 -0.18 0.12
0.96 -0.2 0.12
0.95 -0.21 0.13
0.95 -0.23 0.15
0.93 -0.21 0.15
0.94 -0.21 0.14
0.94 -0.2 0.12
0.96 -0.19 0.15
0.97 -0.16 0.14
0.98 -0.18 0.13
0.95 -0.17 0.09
0.95 -0.21 0.11
0.94 -0.22 0.12
0.98 -0.22 0.15
0.95 -0.2 0.16
0.96 -0.2 0.16
0.94 -0.22 0.16
0.94 -0.2 0.13
0.96 -0.22 0.13
0.94 -0.16 0.12
0.93 -0.2 0.11
0.95 -0.24 0.14
0.94 -0.25 0.15
0.95 -0.22 0.16
0.95 -0.2 0.17
0.95 -0.17 0.16
0.95 -0.21 0.15
0.95 -0.24 0.16
0.97 -0.2 0.16
0.96 -0.2 0.13
0.95 -0.2 0.14
0.96 -0.2 0.14
0.96 -0.19 0.15
0.95 -0.2 0.13
0.95 -0.2 0.14
0.95 -0.18 0.14
0.95 -0.19 0.14
0.96 -0.19 0.13
0.96 -0.2 0.14
0.95 -0.2 0.14
0.96 -0.2 0.14
0.95 -0.2 0.13
0.96 -0.2 0.14
0.95 -0.2 0.14
0.95 -0.21 0.14
0.95 -0.2 0.14
0.95 -0.19 0.14
0.95 -0.2 0.14
0.96 -0.19 0.14
0.95 -0.2 0.14
0.95 -0.21 0.14
0.95 -0.2 0.14
0.95 -0.2 0.14
0.96 -0.19 0.14
0.95 -0.2 0.14
0.95 -0.21 0.14
0.95 -0.21 0.14
0.94 -0.2 0.14
0.96 -0.2 0.14
0.96 -0.2 0.15
0.95 -0.21 0.14
0.95 -0.2 0.14
0.95 -0.21 0.15
0.95 -0.2 0.14
0.96 -0.2 0.14
0.95 -0.2 0.14
0.96 -0.2 0.14
0.96 -0.19 0.14
0.95 -0.2 0.14
0.96 -0.19 0.14
0.95 -0.2 0.13
0.96 -0.2 0.14
0.95 -0.2 0.14
0.96 -0.19 0.14
0.96 -0.2 0.14
0.95 -0.2 0.14
0.95 -0.2 0.13
0.95 -0.21 0.13
0.95 -0.2 0.14
0.95 -0.21 0.14
0.96 -0.21 0.0
0.95 -0.21 0.14
0.95 -0.21 0.14
0.95 -0.21 0.14
0.95 -0.21 0.14
0.95 -0.21 0.15
0.95 -0.21 0.14
0.95 -0.22 0.14
0.95 -0.21 0.15
0.96 -0.21 0.13
0.95 -0.2 0.14
0.95 -0.2 0.14
0.96 -0.2 0.14
0.94 -0.21 0.14
0.95 -0.21 0.14
0.95 -0.21 0.14
0.96 -0.21 0.17
0.93 -0.21 0.14
0.95 -0.21 0.14
0.95 -0.19 0.13
0.96 -0.3 0.15
0.91 -0.25 0.22
0.92 -0.23 0.22
0.96 -0.2 0.18
0.96 -0.18 0.16
0.96 -0.16 0.11
0.95 -0.28 0.2
0.88 -0.27 0.26
0.90 -0.26 0.25
0.83 -0.46 0.22
0.94 -0.21 0.12
0.95 -0.23 0.18
0.93 -0.3 0.21
0.91 -0.24 0.21
0.93 -0.22 0.22
0.95 -0.21 0.16
0.95 -0.23 0.17
0.91 -0.28 0.2
0.93 -0.21 0.2
0.93 -0.2 0.17
0.93 -0.27 0.18
0.93 -0.24 0.21
0.93 -0.25 0.21
0.93 -0.27 0.2
0.95 -0.19 0.16
0.95 -0.2 0.13
0.97 -0.15 0.09
0.96 -0.15 0.08
0.93 -0.23 0.13
0.94 -0.28 0.18
0.95 -0.26 0.2
0.96 -0.2 0.18
0.95 -0.19 0.12
0.93 -0.2 0.14
0.93 -0.23 0.16
0.94 -0.22 0.18
0.96 -0.2 0.17
0.96 -0.21 0.14
0.95 -0.2 0.14
0.93 -0.19 0.0
0.94 -0.21 0.15
0.94 -0.21 0.15
0.96 -0.17 0.12
0.97 -0.18 0.15
0.94 -0.21 0.16
0.98 -0.16 0.1
0.96 -0.13 0.05
0.97 -0.2 0.0
0.98 -0.13 0.0
0.94 -0.2 0.04
0.98 -0.13 0.06
1.00 -0.11 0.08
0.94 -0.09 0.02
0.96 -0.17 -0.04
1.00 -0.13 -0.05
0.98 -0.13 -0.0
0.97 -0.17 -0.05
1.00 -0.13 -0.01
0.97 -0.11 -0.01
0.96 -0.08 0.0
0.98 -0.16 0.03
0.98 -0.15 0.02
0.98 -0.11 -0.0
0.96 -0.2 0.03
0.97 -0.23 0.09
0.96 -0.18 0.1
0.95 -0.14 0.07
0.96 -0.18 0.05
0.98 -0.12 0.11
0.97 -0.09 0.1
0.96 -0.16 0.06
0.99 -0.19 0.09
0.99 -0.12 0.1
0.96 -0.18 0.03
0.98 -0.21 0.01
0.94 -0.18 0.01
0.98 -0.17 0.03
1.00 -0.12 0.04
0.95 -0.18 0.02
0.96 -0.28 0.08
0.95 -0.19 0.16
0.95 -0.16 0.11
0.97 -0.18 0.09
0.94 -0.19 0.08
0.95 -0.19 0.11
0.98 -0.16 0.15
0.95 -0.11 0.09
0.95 -0.2 0.04
0.97 -0.25 0.07
0.95 -0.18 0.07
1.00 -0.14 0.11
1.01 -0.13 0.04
0.91 -0.23 -0.05
0.95 -0.25 0.02
0.98 -0.18 0.03
0.93 -0.15 0.03
0.96 -0.19 -0.09
0.93 -0.23 -0.08
0.98 -0.23 -0.05
0.95 -0.18 -0.07
1.09 -0.18 -0.02
0.97 -0.22 -0.09
0.99 -0.26 -0.05
0.98 -0.14 -0.12
0.93 -0.21 -0.24
0.97 -0.21 -0.04
0.97 -0.26 0.0
0.96 -0.24 -0.02
0.96 -0.21 -0.04
0.95 -0.25 -0.02
0.96 -0.29 0.01
0.96 -0.23 0.01
0.95 -0.2 0.02
0.93 -0.31 0.04
0.89 -0.27 0.03
1.01 -0.12 0.14
0.95 -0.14 0.04
0.95 -0.16 0.05
0.96 -0.23 0.08
0.93 -0.28 0.13
0.97 -0.14 0.16
0.93 -0.2 0.06
0.99 -0.25 0.11
0.99 -0.14 0.15
0.96 -0.14 0.11
0.96 -0.22 0.1
0.95 -0.25 0.09
0.95 -0.19 0.11
0.97 -0.14 0.12
1.00 -0.13 0.09
0.94 -0.21 0.06
0.94 -0.25 0.09
0.96 -0.18 0.0
0.96 -0.14 0.15
0.98 -0.16 0.09
0.95 -0.21 0.11
0.95 -0.18 0.13
0.98 -0.14 0.14
0.95 -0.16 0.06
0.97 -0.2 0.06
0.96 -0.25 0.09
0.96 -0.13 0.12
1.00 -0.13 0.1
0.95 -0.22 0.09
0.98 -0.2 0.14
0.95 -0.19 0.16
0.98 -0.19 0.16
0.96 -0.16 0.11
0.94 -0.21 0.12
0.95 -0.23 0.17
0.96 -0.14 0.13
0.96 -0.21 0.1
0.96 -0.25 0.0
0.96 -0.2 0.14
0.97 -0.14 0.14
0.96 -0.19 0.11
0.94 -0.19 0.09
0.93 -0.21 0.11
0.96 -0.21 0.11
0.97 -0.15 0.12
1.00 -0.14 0.13
0.97 -0.2 0.09
0.92 -0.23 0.07
0.96 -0.22 0.11
0.99 -0.17 0.14
0.95 -0.19 0.11
0.96 -0.2 0.09
0.94 -0.22 0.09
0.97 -0.23 0.12
0.96 -0.18 0.13
0.96 -0.13 0.11
0.97 -0.2 0.1
0.94 -0.23 0.1
0.94 -0.19 0.12
0.96 -0.2 0.14
0.96 -0.2 0.14
0.96 -0.18 0.13
0.98 -0.13 0.14
0.94 -0.2 0.1
0.90 -0.23 0.05
0.96 -0.23 0.1
0.96 -0.18 0.07
0.98 -0.15 0.08
0.98 -0.19 0.09
0.94 -0.23 0.04
0.97 -0.22 0.06
0.97 -0.25 0.1
0.97 -0.16 0.11
0.96 -0.14 0.11
1.00 -0.18 0.09
0.96 -0.21 0.09
0.96 -0.19 0.12
0.98 -0.12 0.16
0.96 -0.15 0.13
0.98 -0.18 0.12
0.96 -0.21 0.1
0.95 -0.21 0.11
0.96 -0.18 0.11
0.97 -0.16 0.1
0.97 -0.18 0.09
0.97 -0.18 0.07
0.98 -0.2 0.07
0.96 -0.2 0.06
0.96 -0.21 0.05
0.97 -0.16 0.06
0.98 -0.18 0.07
0.97 -0.2 0.08
0.97 -0.18 0.06
0.96 -0.19 0.09
0.96 -0.19 0.09
0.96 -0.18 0.07
0.96 -0.18 0.08
0.96 -0.2 0.09
0.96 -0.2 0.08
0.96 -0.2 0.08
0.96 -0.2 0.1
0.97 -0.2 0.11
0.96 -0.15 0.11
0.97 -0.17 0.13
0.97 -0.15 0.13
0.97 -0.13 0.13
0.96 -0.14 0.13
0.98 -0.16 0.11
0.93 -0.2 0.09
0.94 -0.18 0.13
0.97 -0.15 0.14
0.97 -0.19 0.12
0.95 -0.19 0.11
0.97 -0.19 0.15
0.95 -0.18 0.14
0.99 -0.14 0.16
0.98 -0.2 0.12
0.96 -0.22 0.09
0.93 -0.2 0.11
0.95 -0.2 0.13
0.98 -0.18 0.16
0.97 -0.16 0.12
0.94 -0.21 0.1
0.95 -0.23 0.15
0.99 -0.17 0.17
0.96 -0.2 0.14
0.93 -0.22 0.09
0.95 -0.23 0.13
0.93 -0.17 0.14
0.99 -0.16 0.13
0.96 -0.19 0.09
0.96 -0.21 0.1
0.96 -0.21 0.11
0.97 -0.17 0.13
0.96 -0.17 0.08
0.98 -0.15 0.07
0.93 -0.21 0.06
0.98 -0.14 0.1
0.98 -0.07 0.11
0.98 -0.13 0.06
0.98 -0.16 0.08
0.96 -0.16 0.11
0.96 -0.14 0.1
0.98 -0.12 0.12
0.98 -0.13 0.1
0.98 -0.14 0.1
0.97 -0.2 0.1
0.96 -0.2 0.13
0.97 -0.13 0.13
0.97 -0.14 0.13
0.94 -0.19 0.08
0.97 -0.16 0.12
0.93 -0.16 0.09
0.97 -0.19 0.1
0.97 -0.14 0.12
0.98 -0.15 0.14
0.98 -0.16 0.11
0.96 -0.17 0.09
0.97 -0.18 0.12
0.97 -0.14 0.11
0.99 -0.1 0.12
0.95 -0.18 0.07
0.97 -0.18 0.07
0.96 -0.18 0.08
0.97 -0.16 0.1
0.97 -0.14 0.11
0.99 -0.12 0.09
0.96 -0.17 0.02
0.97 -0.17 0.01
0.99 -0.2 0.04
0.94 -0.18 0.05
0.98 -0.13 0.09
0.96 -0.15 0.08
0.99 -0.16 0.06
0.96 -0.19 0.08
0.97 -0.18 0.07
0.98 -0.15 0.1
0.98 -0.15 0.11
0.97 -0.16 0.07
0.96 -0.16 0.1
0.97 -0.13 0.11
0.97 -0.12 0.11
0.96 -0.16 0.09
0.95 -0.19 0.12
0.96 -0.2 0.14
0.97 -0.17 0.0
0.96 -0.15 0.16
0.97 -0.14 0.16
0.95 -0.18 0.11
0.96 -0.22 0.12
0.96 -0.2 0.1
0.96 -0.19 0.1
0.96 -0.2 0.1
0.95 -0.22 0.08
0.96 -0.21 0.13
0.96 -0.14 0.15
0.97 -0.16 0.14
0.95 -0.18 0.12
0.97 -0.16 0.1
0.95 -0.19 0.11
0.96 -0.19 0.11
0.97 -0.18 0.14
0.96 -0.18 0.16
0.96 -0.16 0.15
0.98 -0.18 0.13
0.95 -0.19 0.11
0.96 -0.21 0.11
0.96 -0.19 0.12
0.95 -0.2 0.14
0.96 -0.17 0.14
0.95 -0.19 0.14
0.96 -0.21 0.14
0.96 -0.2 0.13
0.95 -0.23 0.12
0.96 -0.23 0.11
0.96 -0.23 0.14
0.93 -0.21 0.15
0.94 -0.24 0.16
0.94 -0.23 0.15
0.94 -0.23 0.16
0.94 -0.23 0.16
0.95 -0.23 0.15
0.94 -0.23 0.15
0.96 -0.23 0.0
0.94 -0.23 0.12
0.94 -0.22 0.05
0.96 -0.22 0.04
0.97 -0.22 0.03
0.96 -0.2 0.02
0.96 -0.17 0.02
0.97 -0.18 0.06
0.97 -0.18 0.07
0.97 -0.17 0.05
0.96 -0.19 0.0
0.98 -0.21 0.0
0.96 -0.2 -0.0
0.96 -0.2 0.02
0.95 -0.18 0.06
0.98 -0.21 0.07
0.97 -0.21 0.08
0.96 -0.21 0.08
0.97 -0.2 0.09
0.96 -0.19 0.06
0.96 -0.2 0.05
0.97 -0.2 0.06
0.97 -0.2 0.06
0.96 -0.19 0.07
0.97 -0.19 0.06
0.96 -0.21 0.05
0.98 -0.18 0.04
0.96 -0.19 0.05
0.96 -0.2 0.05
0.98 -0.2 0.06
0.98 -0.2 0.05
0.97 -0.18 0.05
0.97 -0.18 0.05
0.97 -0.18 0.04
0.97 -0.18 0.03
0.98 -0.18 0.03
0.97 -0.19 0.03
0.96 -0.18 0.0
0.97 -0.22 -0.03
0.96 -0.22 -0.02
0.97 -0.21 -0.02
0.97 -0.21 -0.02
0.97 -0.21 -0.01
0.97 -0.21 -0.01
0.97 -0.21 -0.0
0.96 -0.21 -0.01
0.97 -0.2 -0.01
0.97 -0.2 0.01
0.97 -0.21 0.01
0.97 -0.21 0.02
0.96 -0.2 0.01
0.97 -0.21 0.03
0.96 -0.2 0.04
0.97 -0.21 0.04
0.97 -0.2 0.0
0.96 -0.2 0.03
0.97 -0.2 0.02
0.96 -0.2 0.0
0.97 -0.2 0.04
0.97 -0.18 0.04
0.98 -0.19 0.04
0.96 -0.19 0.05
0.98 -0.18 0.05
0.98 -0.18 0.05
0.97 -0.18 0.06
0.96 -0.19 0.06
0.97 -0.2 0.06
0.97 -0.19 0.05
0.96 -0.18 0.03
0.98 -0.16 0.02
0.98 -0.15 0.04
0.95 -0.23 0.05
0.94 -0.22 0.0
0.98 -0.18 0.04
1.00 -0.16 0.05
0.95 -0.21 0.04
0.97 -0.21 0.02
0.93 -0.17 0.05
1.00 -0.16 0.11
0.96 -0.2 0.05
0.97 -0.2 0.05
0.94 -0.21 0.03
0.97 -0.22 0.11
0.96 -0.18 0.1
0.96 -0.22 0.11
0.93 -0.25 0.09
0.98 -0.21 0.13
1.00 -0.17 0.14
0.91 -0.26 0.05
0.97 -0.23 0.05
0.95 -0.16 0.03
0.98 -0.19 0.07
0.98 -0.16 0.04
0.97 -0.14 0.01
0.96 -0.23 0.03
0.97 -0.23 0.04
0.97 -0.21 0.07
0.96 -0.15 0.06
0.95 -0.24 0.07
0.93 -0.2 0.06
0.98 -0.22 0.1
0.98 -0.14 0.08
0.97 -0.09 0.07
0.96 -0.07 0.05
0.93 -0.18 0.05
0.98 -0.15 -0.0
1.00 -0.17 0.02
1.00 -0.1 0.04
1.02 -0.07 0.06
0.98 -0.09 -0.02
1.00 -0.08 -0.01
1.00 -0.1 0.02
0.99 -0.07 -0.02
0.99 -0.11 -0.01
1.00 -0.11 0.02
0.98 -0.09 0.03
0.99 -0.02 0.08
0.98 -0.14 0.01
0.98 -0.15 0.02
0.98 -0.02 0.07
0.96 -0.1 0.0
0.97 -0.03 -0.04
0.99 -0.05 0.05
0.95 -0.05 -0.07
0.99 -0.18 -0.01
0.98 -0.05 0.04
0.99 0.05 0.03
1.00 -0.04 0.03
0.99 -0.18 0.02
1.00 -0.04 0.04
0.98 -0.06 0.05
0.99 -0.07 0.07
0.98 -0.14 0.04
0.98 -0.11 -0.02
0.98 -0.12 0.05
1.00 -0.11 -0.02
1.05 -0.09 0.06
1.01 -0.09 -0.01
0.97 -0.03 -0.01
0.99 -0.05 -0.05
0.97 -0.06 -0.04
1.00 -0.03 -0.03
0.98 -0.05 -0.04
0.99 -0.06 -0.06
0.98 -0.1 -0.06
0.98 -0.07 -0.0
0.98 -0.09 -0.1
0.98 -0.16 -0.1
0.98 -0.13 -0.09
0.98 -0.06 -0.09
1.00 -0.0 -0.0
0.98 -0.13 -0.01
0.97 -0.12 0.03
0.99 -0.22 -0.0
0.97 -0.18 0.01
0.99 -0.11 0.02
0.98 -0.12 0.0
1.00 -0.09 -0.0
0.97 -0.11 -0.06
0.96 -0.16 -0.07
1.00 -0.18 -0.01
0.98 -0.08 0.01
1.00 -0.06 -0.02
0.98 -0.12 -0.07
0.99 -0.18 -0.02
0.98 -0.08 0.01
1.00 -0.06 0.0
0.98 -0.1 -0.02
0.99 -0.14 -0.02
0.99 -0.08 0.03
0.98 -0.09 0.02
0.98 -0.18 -0.01
0.98 -0.18 -0.01
0.98 -0.11 0.05
1.00 -0.08 0.06
0.97 -0.16 -0.01
0.98 -0.19 -0.03
0.98 -0.11 0.02
0.96 -0.07 0.08
0.99 -0.11 0.07
0.97 -0.13 -0.01
0.98 -0.15 -0.03
1.00 -0.12 -0.01
0.97 -0.09 -0.04
1.00 -0.09 -0.04
0.97 -0.13 -0.04
0.99 -0.11 -0.03
1.00 -0.07 -0.02
0.98 -0.1 0.04
0.99 -0.05 0.02
0.98 -0.05 0.04
1.00 -0.07 0.0
0.98 -0.14 0.02
1.00 -0.09 0.04
0.98 -0.06 0.05
0.98 -0.09 0.02
0.99 -0.13 0.05
0.98 -0.06 0.05
0.98 -0.06 0.06
0.98 -0.1 0.02
0.99 -0.13 0.04
0.96 -0.05 0.08
1.00 -0.05 0.03
0.97 -0.19 0.02
1.01 -0.1 0.0
0.98 -0.14 0.06
0.96 -0.12 0.04
0.97 -0.16 0.04
0.98 -0.18 0.05
0.96 -0.13 0.04
0.98 -0.15 0.05
0.98 -0.22 0.05
0.98 -0.14 0.07
0.95 -0.13 0.05
0.97 -0.21 0.05
0.98 -0.19 0.09
0.96 -0.12 0.07
0.97 -0.15 0.04
0.97 -0.24 0.09
0.94 -0.12 0.05
0.96 -0.2 0.04
0.96 -0.16 0.08
1.01 -0.11 0.11
0.98 -0.18 0.08
1.00 -0.24 0.1
0.96 -0.11 0.07
0.96 -0.14 0.05
0.97 -0.2 0.07
0.98 -0.17 0.09
0.97 -0.09 0.05
0.98 -0.17 0.04
0.96 -0.19 0.04
0.97 -0.14 0.09
0.99 -0.13 0.04
0.98 -0.18 0.08
0.96 -0.23 0.1
0.98 -0.17 0.08
0.95 -0.07 0.02
0.97 -0.16 0.06
0.98 -0.26 0.1
0.98 -0.16 0.09
0.96 -0.11 0.04
0.95 -0.23 0.09
0.96 -0.21 0.11
0.99 -0.13 0.11
0.98 -0.15 0.09
0.96 -0.25 0.12
0.95 -0.24 0.12
0.99 -0.09 0.1
0.97 -0.17 0.07
0.96 -0.27 0.11
0.98 -0.18 0.09
0.96 -0.1 0.05
0.96 -0.24 0.09
0.97 -0.24 0.11
0.98 -0.17 0.12
0.97 -0.13 0.08
0.97 -0.22 0.08
0.97 -0.23 0.11
0.99 -0.18 0.11
0.96 -0.15 0.08
0.97 -0.13 0.04
0.95 -0.18 0.05
0.95 -0.2 0.09
0.96 -0.14 0.08
0.96 -0.15 0.05
0.96 -0.2 0.06
0.97 -0.18 0.07
0.98 -0.14 0.04
0.96 -0.13 0.01
0.97 -0.17 0.09
0.97 -0.14 0.09
0.94 -0.11 0.04
0.96 -0.24 0.09
0.97 -0.2 0.09
0.98 -0.18 0.09
0.93 -0.11 0.02
0.95 -0.2 0.08
0.98 -0.2 0.11
0.98 -0.13 0.09
0.97 -0.15 0.07
0.96 -0.19 0.05
0.97 -0.19 0.1
0.98 -0.14 0.09
0.97 -0.17 0.08
0.96 -0.15 0.05
0.98 -0.18 0.05
0.97 -0.12 0.08
0.97 -0.14 0.07
0.96 -0.14 0.04
0.98 -0.23 0.07
0.96 -0.14 0.06
0.99 -0.13 0.05
0.98 -0.2 0.06
0.98 -0.24 0.11
0.95 -0.14 0.08
0.94 -0.13 0.04
0.95 -0.21 0.05
0.96 -0.2 0.11
0.98 -0.11 0.09
0.95 -0.15 0.07
0.95 -0.24 0.07
0.96 -0.16 0.11
0.99 -0.13 0.13
0.97 -0.14 0.07
0.95 -0.26 0.11
0.96 -0.16 0.13
1.00 -0.11 0.11
0.96 -0.21 0.08
0.98 -0.23 0.11
0.96 -0.12 0.1
0.98 -0.14 0.07
0.96 -0.26 0.08
0.98 -0.14 0.11
0.98 -0.12 0.1
0.98 -0.13 0.07
0.95 -0.25 0.11
0.96 -0.15 0.1
0.98 -0.11 0.05
0.97 -0.16 0.02
0.97 -0.2 0.06
0.97 -0.18 0.09
0.97 -0.16 0.1
0.97 -0.13 0.08
0.96 -0.21 0.05
0.95 -0.21 0.09
0.98 -0.1 0.07
0.96 -0.15 0.05
0.96 -0.2 0.04
0.97 -0.19 0.1
0.98 -0.11 0.09
0.97 -0.15 0.07
0.98 -0.23 0.09
0.98 -0.14 0.07
0.97 -0.16 0.09
0.98 -0.19 0.07
0.97 -0.15 0.05
0.99 -0.13 0.06
0.98 -0.14 0.02
0.98 -0.21 0.06
0.97 -0.11 0.07
0.97 -0.13 0.06
0.94 -0.23 0.06
0.96 -0.2 0.09
0.98 -0.21 0.08
0.94 -0.27 0.07
0.98 -0.21 0.08
0.93 -0.1 0.03
0.97 -0.15 0.06
0.98 -0.15 0.07
0.97 -0.19 0.07
0.97 -0.16 0.07
0.97 -0.17 0.06
0.96 -0.18 0.06
0.98 -0.18 0.09
0.97 -0.18 0.09
0.95 -0.19 0.09
0.95 -0.14 0.05
0.95 -0.27 0.11
0.96 -0.2 0.1
0.96 -0.14 0.08
0.98 -0.23 0.07
0.99 -0.18 0.11
0.97 -0.07 0.07
0.99 -0.17 0.04
0.99 -0.28 0.1
0.97 -0.1 0.08
0.98 -0.11 0.03
0.98 -0.28 0.04
0.97 -0.16 0.07
0.97 -0.08 0.04
0.95 -0.23 0.06
0.96 -0.2 0.1
0.98 -0.11 0.08
0.98 -0.2 0.06
0.99 -0.26 0.1
1.01 -0.09 0.1
0.98 -0.16 0.06
0.97 -0.29 0.1
0.99 -0.11 0.11
0.98 -0.14 0.05
0.96 -0.26 0.05
0.97 -0.18 0.07
0.96 -0.11 0.05
0.97 -0.2 0.06
0.98 -0.24 0.07
0.99 -0.09 0.05
0.98 -0.16 0.04
0.96 -0.29 0.08
0.98 -0.14 0.09
0.96 -0.11 0.04
0.96 -0.25 0.04
0.97 -0.18 0.08
0.96 -0.07 0.03
0.97 -0.23 0.11
1.00 -0.09 0.1
0.97 -0.14 0.04
0.94 -0.32 0.08
0.98 -0.07 0.02
0.97 -0.3 0.05
0.96 -0.16 0.11
0.98 -0.06 0.08
0.98 -0.25 0.04
0.96 -0.18 0.11
0.98 -0.08 0.1
0.97 -0.14 0.11
0.94 -0.12 0.04
0.97 -0.26 0.07
0.95 -0.22 0.05
0.97 -0.18 0.11
0.98 -0.08 0.09
0.98 -0.22 0.11
0.98 -0.06 0.09
0.97 -0.23 0.14
0.96 -0.11 0.04
0.94 -0.26 0.04
0.96 -0.18 0.1
0.98 -0.1 0.11
0.96 -0.22 0.11
1.00 -0.28 0.16
0.97 -0.1 0.11
0.96 -0.14 0.06
0.96 -0.27 0.1
0.97 -0.18 0.14
0.97 -0.09 0.06
1.00 -0.25 0.11
0.98 -0.23 0.13
0.96 -0.11 0.11
0.97 -0.15 0.06
0.96 -0.28 0.1
0.97 -0.13 0.11
0.95 -0.13 0.04
0.94 -0.28 0.11
0.95 -0.14 0.12
0.96 -0.19 0.11
0.97 -0.14 0.03
0.95 -0.15 0.11
0.93 -0.1 0.02
0.96 -0.3 0.1
0.97 -0.06 0.09
0.96 -0.2 0.09
0.97 -0.17 0.08
0.97 -0.16 0.09
0.97 -0.19 0.12
0.97 -0.12 0.09
0.95 -0.29 0.14
0.94 -0.14 0.0
0.96 -0.29 0.15
0.96 -0.32 0.16
0.95 -0.16 0.15
0.94 -0.32 0.14
0.91 -0.17 0.13
0.94 -0.09 0.07
0.93 -0.33 0.13
0.95 -0.16 0.15
0.97 -0.16 0.14
0.94 -0.17 0.09
0.94 -0.24 0.11
0.97 -0.19 0.15
0.98 -0.13 0.13
0.98 -0.23 0.13
0.96 -0.19 0.15
0.97 -0.15 0.12
0.97 -0.22 0.12
0.96 -0.2 0.14
0.97 -0.14 0.11
0.96 -0.15 0.09
0.97 -0.2 0.08
0.97 -0.12 0.06
0.96 -0.18 0.05
0.97 -0.16 0.08
0.98 -0.14 0.0
0.97 -0.15 0.0
0.97 -0.09 0.1
0.96 -0.2 0.1
0.97 -0.22 0.15
0.99 -0.05 0.11
0.96 -0.24 0.11
0.97 -0.21 0.16
0.98 -0.08 0.14
0.96 -0.2 0.1
0.97 -0.23 0.13
0.96 -0.13 0.11
0.96 -0.19 0.11
0.95 -0.12 0.08
0.96 -0.25 0.12
0.95 -0.16 0.11
0.96 -0.14 0.11
0.96 -0.21 0.12
0.95 -0.18 0.12
0.96 -0.18 0.12
0.96 -0.18 0.11
0.96 -0.19 0.11
0.96 -0.18 0.11
0.96 -0.18 0.0
0.97 -0.22 0.16
0.95 -0.24 0.1
0.95 -0.11 0.13
0.96 -0.19 0.0
0.97 -0.13 0.0
0.97 -0.17 0.13
0.95 -0.23 0.11
0.96 -0.14 0.12
0.97 -0.16 0.12
0.95 -0.21 0.12
0.96 -0.18 0.12
0.96 -0.18 0.13
0.95 -0.2 0.11
0.96 -0.2 0.14
0.96 -0.17 0.12
0.94 -0.16 0.07
0.96 -0.21 0.12
0.96 -0.12 0.11
0.96 -0.2 0.1
0.96 -0.23 0.17
0.96 -0.11 0.16
0.95 -0.18 0.12
0.96 -0.25 0.17
0.95 -0.1 0.14
0.96 -0.18 0.11
0.95 -0.25 0.17
0.96 -0.1 0.14
0.95 -0.21 0.11
0.95 -0.27 0.18
0.98 -0.09 0.14
0.95 -0.27 0.15
0.96 -0.25 0.16
0.93 -0.11 0.11
0.96 -0.31 0.16
0.98 -0.13 0.15
0.96 -0.14 0.1
0.96 -0.28 0.14
0.96 -0.18 0.13
0.96 -0.09 0.07
0.96 -0.25 0.12
0.96 -0.2 0.15
0.96 -0.1 0.1
0.96 -0.22 0.09
0.97 -0.23 0.12
0.96 -0.1 0.1
0.97 -0.23 0.11
0.97 -0.23 0.15
0.97 -0.1 0.13
0.96 -0.23 0.11
0.97 -0.23 0.14
0.98 -0.11 0.1
0.95 -0.21 0.1
0.96 -0.22 0.13
0.97 -0.12 0.11
0.96 -0.21 0.09
0.96 -0.23 0.12
0.99 -0.09 0.11
0.96 -0.2 0.09
0.97 -0.23 0.13
0.96 -0.12 0.11
0.95 -0.16 0.06
0.97 -0.22 0.09
0.97 -0.15 0.1
0.94 -0.14 0.07
0.96 -0.22 0.09
0.97 -0.19 0.13
0.98 -0.11 0.09
0.97 -0.21 0.09
0.97 -0.21 0.14
0.97 -0.13 0.12
0.98 -0.16 0.08
0.98 -0.17 0.14
0.97 -0.13 0.11
0.95 -0.22 0.1
0.97 -0.19 0.14
0.97 -0.14 0.13
0.97 -0.17 0.08
0.97 -0.21 0.13
0.98 -0.14 0.13
0.96 -0.17 0.09
0.94 -0.25 0.11
0.95 -0.15 0.12
0.95 -0.14 0.07
0.97 -0.23 0.11
0.97 -0.18 0.11
0.95 -0.13 0.06
0.95 -0.2 0.06
0.96 -0.19 0.11
0.98 -0.13 0.11
0.97 -0.21 0.1
0.97 -0.21 0.13
0.97 -0.13 0.11
0.97 -0.18 0.07
0.96 -0.23 0.11
0.95 -0.14 0.11
0.96 -0.18 0.1
0.97 -0.15 0.11
0.97 -0.15 0.0
0.96 -0.16 0.08
0.97 -0.16 0.08
0.97 -0.15 0.09
0.97 -0.15 0.09
0.97 -0.18 0.1
0.96 -0.19 0.1
0.97 -0.18 0.11
0.96 -0.18 0.1
0.95 -0.18 0.1
0.97 -0.16 0.1
0.96 -0.18 0.1
0.96 -0.17 0.1
0.97 -0.18 0.1
0.97 -0.18 0.1
0.97 -0.18 0.11
0.96 -0.16 0.12
0.94 -0.13 0.09
0.95 -0.2 0.12
0.96 -0.21 0.12
0.96 -0.13 0.13
0.96 -0.16 0.1
0.96 -0.21 0.11
0.95 -0.19 0.14
0.98 -0.13 0.14
0.97 -0.16 0.12
0.94 -0.25 0.14
0.93 -0.18 0.14
0.97 -0.14 0.16
0.95 -0.22 0.16
0.94 -0.25 0.19
0.94 -0.14 0.14
0.96 -0.18 0.13
0.95 -0.27 0.19
0.96 -0.16 0.16
0.95 -0.13 0.1
0.95 -0.25 0.14
0.95 -0.24 0.19
0.96 -0.1 0.12
0.97 -0.22 0.13
0.95 -0.27 0.2
0.98 -0.11 0.15
0.97 -0.18 0.11
0.94 -0.28 0.16
0.96 -0.24 0.13
0.96 -0.13 0.13
0.94 -0.23 0.08
0.95 -0.25 0.15
0.96 -0.14 0.15
0.97 -0.18 0.13
0.95 -0.23 0.05
0.96 -0.21 0.1
0.96 -0.16 0.11
0.96 -0.21 0.14
0.97 -0.2 0.12
0.95 -0.21 0.14
0.96 -0.14 0.11
0.93 -0.28 0.13
0.95 -0.21 0.17
0.98 -0.14 0.15
0.95 -0.27 0.13
0.94 -0.28 0.17
0.96 -0.19 0.16
0.97 -0.18 0.13
0.95 -0.22 0.11
0.95 -0.29 0.16
0.96 -0.17 0.14
1.01 -0.13 0.12
0.95 -0.18 0.07
0.96 -0.29 0.14
0.96 -0.16 0.12
0.98 -0.14 0.1
0.95 -0.23 0.08
0.95 -0.24 0.14
0.97 -0.11 0.1
0.94 -0.16 0.07
0.96 -0.29 0.13
0.96 -0.17 0.14
0.99 -0.13 0.12
0.96 -0.23 0.11
0.96 -0.29 0.16
0.97 -0.12 0.11
0.94 -0.15 0.08
0.93 -0.29 0.09
0.94 -0.2 0.13
0.98 -0.11 0.11
0.96 -0.26 0.11
0.96 -0.29 0.18
0.97 -0.14 0.14
0.96 -0.13 0.09
0.93 -0.28 0.09
0.93 -0.21 0.14
0.98 -0.12 0.12
0.96 -0.23 0.09
0.96 -0.28 0.15
0.95 -0.14 0.12
0.95 -0.15 0.07
0.93 -0.17 0.14
0.95 -0.19 0.14
0.95 -0.24 0.13
0.96 -0.21 0.12
0.96 -0.19 0.11
0.96 -0.18 0.09
0.94 -0.21 0.09
0.96 -0.18 0.11
0.98 -0.22 0.14
1.00 -0.12 0.11
0.97 -0.16 0.09
0.93 -0.3 0.12
0.94 -0.18 0.14
0.93 -0.16 0.11
0.95 -0.29 0.13
0.93 -0.22 0.16
0.93 -0.27 0.09
0.93 -0.25 0.15
0.97 -0.09 0.09
0.95 -0.28 0.08
0.93 -0.25 0.13
0.96 -0.08 0.07
0.95 -0.3 0.11
0.94 -0.23 0.15
0.93 -0.1 0.05
0.93 -0.31 0.1
0.93 -0.23 0.14
0.93 -0.08 0.06
0.94 -0.3 0.1
0.94 -0.21 0.14
0.98 -0.11 0.09
0.95 -0.31 0.11
0.96 -0.11 0.12
0.95 -0.28 0.09
0.95 -0.25 0.15
0.96 -0.13 0.13
0.96 -0.24 0.1
0.97 -0.27 0.14
0.97 -0.13 0.14
0.98 -0.21 0.09
0.96 -0.29 0.15
0.95 -0.16 0.14
0.95 -0.17 0.09
0.94 -0.29 0.11
0.94 -0.23 0.13
1.00 -0.15 0.12
0.97 -0.21 0.1
0.93 -0.29 0.14
0.94 -0.18 0.14
0.94 -0.15 0.09
0.95 -0.25 0.11
0.96 -0.25 0.18
0.97 -0.18 0.09
0.94 -0.29 0.14
0.94 -0.19 0.14
0.93 -0.14 0.07
0.95 -0.24 0.09
0.97 -0.27 0.17
0.99 -0.14 0.15
0.96 -0.19 0.11
0.94 -0.29 0.15
0.95 -0.16 0.13
0.95 -0.15 0.08
0.96 -0.25 0.18
0.97 -0.14 0.13
0.97 -0.23 0.11
0.94 -0.24 0.0
0.95 -0.2 0.11
0.95 -0.25 0.11
0.95 -0.18 0.12
0.94 -0.26 0.11
0.94 -0.26 0.0
0.97 -0.14 0.15
0.97 -0.24 0.12
0.97 -0.29 0.18
0.95 -0.15 0.16
0.93 -0.27 0.09
0.95 -0.11 0.09
0.95 -0.29 0.09
0.95 -0.27 0.16
0.98 -0.13 0.13
0.97 -0.26 0.09
0.96 -0.29 0.14
0.95 -0.12 0.13
0.96 -0.21 0.1
0.96 -0.29 0.13
0.96 -0.15 0.11
0.96 -0.16 0.09
0.93 -0.3 0.12
0.94 -0.21 0.17
0.93 -0.12 0.07
0.91 -0.27 0.06
0.93 -0.25 0.15
0.94 -0.12 0.11
0.96 -0.26 0.07
0.94 -0.28 0.15
0.96 -0.13 0.13
0.96 -0.23 0.09
0.97 -0.29 0.17
0.96 -0.11 0.12
0.96 -0.22 0.09
0.95 -0.16 0.14