0.09 -0.13 -1.0
0.08 -0.15 -0.98
0.09 -0.13 -0.98
0.08 -0.15 -0.99
0.07 -0.15 -1.0
0.07 -0.14 -0.99
0.08 -0.15 -0.99
0.07 -0.15 -0.99
0.08 -0.15 -0.0
0.07 -0.15 -0.99
0.07 -0.15 -0.99
0.07 -0.15 -0.99
0.08 -0.15 -0.99
0.08 -0.14 -0.99
0.08 -0.16 -0.98
0.07 -0.16 -0.9
0.08 -0.16 -0.98
0.09 -0.14 -0.99
0.09 -0.15 -0.99
0.08 -0.15 -0.98
0.08 -0.16 -0.98
0.07 -0.16 -0.98
0.08 -0.14 -0.99
0.08 -0.16 -1.0
0.08 -0.15 -0.99
0.08 -0.14 -1.0
0.08 -0.14 -0.98
0.09 -0.16 -0.99
0.08 -0.17 -0.99
0.08 -0.16 -0.99
0.08 -0.16 -1.0
0.08 -0.16 -0.99
0.08 -0.16 -1.0
0.08 -0.14 -1.0
0.08 -0.16 -0.99
0.09 -0.15 -0.99
0.08 -0.15 -0.99
0.08 -0.16 -0.98
0.09 -0.16 -0.98
0.09 -0.16 -0.98
0.09 -0.16 -1.0
0.08 -0.16 -0.0
0.09 -0.16 -0.98
0.09 -0.15 -0.98
0.08 -0.15 -0.98
0.09 -0.16 -0.98
0.08 -0.16 -0.99
0.09 -0.15 -1.0
0.08 -0.16 -1.0
0.08 -0.16 -0.98
0.08 -0.17 -0.99
0.10 -0.16 -0.99
0.09 -0.16 -0.99
0.07 -0.16 -1.0
0.09 -0.16 -0.98
0.09 -0.16 -0.98
0.09 -0.16 -0.99
0.08 -0.16 -0.98
0.09 -0.17 -0.99
0.07 -0.16 -1.0
0.07 -0.15 -1.0
0.09 -0.16 -0.99
0.10 -0.15 -0.98
0.13 -0.18 -0.98
0.11 -0.18 -0.98
0.15 -0.16 -0.98
0.15 -0.19 -0.97
0.14 -0.19 -0.96
0.15 -0.2 -0.96
0.18 -0.19 -0.96
0.16 -0.21 -1.0
0.20 -0.19 -0.94
0.14 -0.18 -0.98
0.18 -0.16 -0.96
0.19 -0.16 -0.97
0.14 -0.2 -0.96
0.16 -0.18 -0.98
0.16 -0.19 -0.96
0.16 -0.17 -0.97
0.16 -0.17 -0.97
0.17 -0.18 -0.98
0.14 -0.18 -0.98
0.14 -0.18 -1.01
0.18 -0.12 -0.97
-0.04 -0.12 -0.0
0.09 -0.2 -0.95
-0.05 -0.04 -1.01
0.03 -0.06 -1.05
0.11 -0.04 -0.96
0.11 0.11 -0.0
0.06 0.04 -1.02
0.11 0.05 -1.0
-0.00 0.07 -1.0
0.04 0.07 -1.0
0.05 0.07 -1.01
0.03 0.08 -1.02
0.05 0.1 -1.01
0.02 0.05 -1.0
0.07 0.05 -1.0
0.07 0.06 -1.0
0.01 0.07 -1.0
0.05 0.07 -1.02
0.09 0.06 -1.01
0.02 0.09 -1.02
0.07 0.09 -1.02
0.06 0.08 -1.0
-0.00 0.07 -1.0
0.06 0.09 -1.01
0.08 0.07 -1.0
0.05 0.07 -1.0
0.11 0.04 -1.0
0.09 0.09 -1.01
0.10 0.06 -1.0
0.02 0.07 -1.0
0.10 0.09 -1.0
0.10 0.09 -1.0
0.11 0.14 -0.96
0.10 0.11 -1.0
0.18 0.08 -1.0
0.11 0.06 -1.0
0.12 0.08 -1.0
0.13 0.08 -1.0
0.13 0.09 -1.0
0.13 0.07 -0.99
0.13 0.06 -1.0
0.17 0.07 -0.99
0.10 0.08 -1.0
0.17 0.07 -0.99
0.13 0.07 -1.0
0.12 0.09 -0.99
0.16 0.11 -0.98
0.11 0.09 -1.0
0.14 0.07 -1.0
0.14 0.06 -1.0
0.10 0.09 -0.97
0.18 0.09 -0.99
0.11 0.1 -1.0
0.15 0.11 -0.98
0.16 0.11 -0.99
0.10 0.1 -0.99
0.18 0.08 -0.99
0.13 0.05 -1.0
0.13 0.04 -0.99
0.14 0.03 -1.0
0.14 0.05 -1.0
0.14 0.11 -0.96
0.18 0.09 -0.96
0.13 0.1 -1.0
0.17 0.06 -1.0
0.15 0.07 -1.0
0.14 0.05 -1.0
0.17 0.06 -1.0
0.16 0.07 -0.98
0.16 0.09 -0.99
0.16 0.09 -1.03
0.18 0.04 -1.01
0.15 0.05 -1.0
0.15 0.07 -0.98
0.14 0.08 -0.99
0.17 0.07 -1.0
0.15 0.08 -1.0
0.15 0.07 -1.01
0.16 0.07 -1.0
0.13 0.1 -0.97
0.18 0.09 -0.98
0.13 0.07 -1.0
0.16 0.06 -1.0
0.16 0.06 -1.0
0.12 0.1 -0.96
0.19 0.09 -0.98
0.12 0.09 -0.99
0.18 0.06 -0.98
0.15 0.05 -1.0
0.16 0.07 -0.99
0.16 0.07 -0.98
0.16 0.09 -0.99
0.17 0.08 -0.99
0.15 0.07 -0.99
0.17 0.08 -1.0
0.14 0.08 -1.0
0.15 0.1 -0.98
0.19 0.09 -0.97
0.15 0.08 -0.99
0.18 0.07 -0.99
0.13 0.1 -0.99
0.18 0.07 -0.99
0.16 0.09 -1.0
0.16 0.07 -1.0
0.15 0.06 -1.0
0.17 0.09 -0.98
0.17 0.07 -1.0
0.17 0.05 -0.99
0.18 0.05 -1.03
0.16 0.09 -0.99
0.17 0.1 -0.99
0.11 0.07 -0.98
0.21 0.07 -0.98
0.12 0.09 -0.99
0.19 0.07 -0.99
0.19 0.06 -0.98
0.18 0.07 -0.98
0.17 0.07 -1.0
0.18 0.07 -0.99
0.18 0.07 -1.0
0.12 0.05 -1.0
0.26 0.06 -1.02
0.07 -0.0 -0.97
0.17 0.05 -0.99
0.15 0.06 -0.99
0.13 0.07 -0.99
0.16 0.09 -0.99
0.13 0.06 -0.99
0.07 0.07 -1.0
0.13 0.04 -1.0
0.11 0.09 -1.0
0.13 0.08 -0.99
0.13 0.09 -1.0
0.11 0.07 -1.0
0.12 0.09 -1.0
0.10 0.09 -1.02
0.16 0.01 -0.97
0.13 0.05 -0.97
0.14 0.13 -0.94
0.15 0.17 -1.1
0.09 0.13 -0.93
0.03 0.14 -1.04
0.06 0.13 -0.94
-0.01 0.16 -1.05
-0.18 0.1 -0.98
-0.32 0.03 -1.05
-0.51 0.01 -0.84
-0.39 -0.0 -0.83
-0.38 0.04 -0.86
0.04 0.09 -1.09
-0.01 0.09 -0.97
0.29 0.36 -1.18
0.34 0.32 -1.18
-0.02 0.16 -0.75
0.06 -0.18 -1.2
0.32 -0.09 -1.02
0.29 0.19 -0.88
0.45 0.33 -1.05
0.19 0.39 -1.12
-0.22 0.18 -0.8
-0.09 0.19 -0.73
-0.18 0.19 -0.0
-0.22 0.15 -0.7
0.22 0.01 -0.96
-0.08 0.03 -1.2
-0.14 0.05 -0.93
-0.07 -0.04 -1.09
-0.15 0.1 -1.3
0.00 0.07 -1.02
0.00 0.02 -0.79
0.03 0.02 -1.25
-0.04 0.06 -1.31
0.91 -0.25 0.22
0.92 -0.25 0.22
0.92 -0.25 0.22
0.91 -0.25 0.23
0.91 -0.25 0.23
0.91 -0.25 0.23
0.92 -0.25 0.23
0.92 -0.26 0.23
0.92 -0.24 0.23
0.92 -0.25 0.22
0.91 -0.24 0.22
0.91 -0.25 0.21
0.91 -0.25 0.22
0.91 -0.25 0.22
0.92 -0.24 0.22
0.91 -0.25 0.22
0.91 -0.24 0.23
0.91 -0.23 0.23
0.91 -0.25 0.23
0.91 -0.25 0.23
0.92 -0.24 0.23
0.93 -0.24 0.22
0.93 -0.24 0.22
0.92 -0.23 0.23
0.93 -0.23 0.22
0.92 -0.25 0.22
0.91 -0.22 0.22
0.93 -0.25 0.21
0.90 -0.2 0.2
0.93 -0.23 0.2
0.91 -0.27 0.23
0.93 -0.23 0.21
0.94 -0.29 0.24
0.93 -0.23 0.22
0.94 -0.26 0.21
0.90 -0.2 0.2
0.92 -0.2 0.18
0.90 -0.31 0.22
0.91 -0.26 0.22
0.98 -0.3 0.24
0.91 -0.2 0.19
0.94 -0.22 0.18
0.85 -0.23 0.2
0.89 -0.25 0.25
0.93 -0.36 0.38
0.83 -0.36 0.34
0.90 -0.29 0.28
0.90 -0.33 0.29
0.91 -0.28 0.27
0.93 -0.14 0.16
0.91 -0.29 0.2
0.91 -0.14 0.23
0.23 -0.31 0.33
0.91 -0.1 0.29
0.89 -0.11 0.16
0.94 -0.13 0.24
0.95 -0.14 0.21
0.94 -0.14 0.23
0.94 -0.13 0.21
0.93 -0.15 0.23
0.93 -0.17 0.24
0.93 -0.18 0.22
0.93 -0.18 0.23
0.92 -0.21 0.22
0.94 -0.18 0.2
0.92 -0.19 0.21
0.93 -0.18 0.21
0.93 -0.2 0.2
0.93 -0.2 0.22
0.93 -0.21 0.21
0.93 -0.21 0.22
0.93 -0.21 0.22
0.93 -0.21 0.22
0.93 -0.21 0.22
0.93 -0.21 0.22
0.93 -0.2 0.22
0.93 -0.2 0.21
0.93 -0.21 0.22
0.93 -0.21 0.21
0.93 -0.2 0.22
0.93 -0.2 0.22
0.93 -0.2 0.21
0.94 -0.2 0.21
0.93 -0.2 0.22
0.93 -0.2 0.22
0.94 -0.2 0.21
0.93 -0.21 0.22
0.93 -0.2 0.21
0.93 -0.19 0.22
0.93 -0.2 0.21
0.93 -0.21 0.22
0.93 -0.2 0.22
0.93 -0.2 0.22
0.93 -0.21 0.22
0.93 -0.2 0.22
0.93 -0.2 0.22
0.93 -0.2 0.21
0.93 -0.2 0.21
0.93 -0.2 0.21
0.93 -0.2 0.22
0.93 -0.19 0.22
0.93 -0.19 0.21
0.93 -0.2 0.21
0.93 -0.2 0.22
0.93 -0.2 0.22
0.93 -0.2 0.21
0.93 -0.2 0.21
0.93 -0.19 0.22
0.94 -0.21 0.22
0.94 -0.2 0.21
0.93 -0.2 0.22
0.93 -0.2 0.21
0.93 -0.2 0.21
0.93 -0.2 0.21
0.93 -0.2 0.22
0.93 -0.2 0.22
0.93 -0.2 0.21
0.93 -0.21 0.21
0.94 -0.2 0.21
0.93 -0.2 0.21
0.93 -0.2 0.21
0.93 -0.2 0.21
0.93 -0.2 0.21
0.93 -0.2 0.21
0.94 -0.2 0.22
0.94 -0.2 0.21
0.93 -0.2 0.21
0.93 -0.19 0.22
0.94 -0.19 0.22
0.94 -0.2 0.22
0.94 -0.2 0.22
0.93 -0.19 0.22
0.91 -0.2 0.21
0.93 -0.2 0.2
0.94 -0.2 0.22
0.93 -0.19 0.22
0.94 -0.2 0.21
0.93 -0.21 0.22
0.93 -0.18 0.21
0.93 -0.21 0.22
0.93 -0.18 0.21
0.95 -0.21 0.21
0.94 -0.18 0.2
0.94 -0.22 0.22
0.94 -0.18 0.2
0.96 -0.22 0.2
0.93 -0.16 0.2
0.96 -0.21 0.19
0.92 -0.15 0.2
0.95 -0.21 0.2
0.94 -0.2 0.21
0.93 -0.17 0.2
0.95 -0.24 0.2
0.93 -0.13 0.19
0.95 -0.23 0.21
0.94 -0.17 0.21
0.93 -0.17 0.18
0.93 -0.21 0.2
0.94 -0.16 0.2
0.95 -0.21 0.2
0.93 -0.16 0.2
0.93 -0.17 0.2
0.94 -0.17 0.16
0.94 -0.22 0.21
0.93 -0.15 0.21
0.92 -0.15 0.2
0.95 -0.19 0.17
0.94 -0.19 0.21
0.94 -0.16 0.2
0.95 -0.21 0.21
0.96 -0.19 0.18
0.92 -0.16 0.19
0.92 -0.18 0.2
0.97 -0.21 0.22
0.94 -0.18 0.2
0.96 -0.18 0.19
0.95 -0.18 0.2
0.95 -0.18 0.2
0.93 -0.18 0.19
0.93 -0.19 0.2
0.93 -0.22 0.23
0.93 -0.2 0.21
0.95 -0.21 0.21
0.92 -0.17 0.2
0.94 -0.2 0.2
0.94 -0.2 0.21
0.93 -0.18 0.2
0.95 -0.2 0.21
0.92 -0.18 0.19
0.94 -0.2 0.21
0.93 -0.18 0.21
0.94 -0.18 0.21
0.93 -0.18 0.2
0.94 -0.18 0.21
0.94 -0.18 0.21
0.94 -0.17 0.0
0.95 -0.17 0.19
0.95 -0.16 0.18
0.95 -0.16 0.18
0.95 -0.16 0.19
0.94 -0.17 0.0
0.95 -0.15 0.17
0.96 -0.15 0.17
0.95 -0.14 0.16
0.96 -0.13 0.16
0.96 -0.14 0.14
0.96 -0.14 0.16
0.96 -0.14 0.16
0.96 -0.14 0.16
0.96 -0.14 0.16
0.96 -0.13 0.16
0.96 -0.13 0.14
0.96 -0.13 0.13
0.98 -0.12 0.12
0.96 -0.12 0.11
0.98 -0.11 0.1
0.98 -0.12 0.09
0.97 -0.11 0.1
0.97 -0.11 0.1
0.98 -0.11 0.1
0.97 -0.1 0.09
0.98 -0.11 0.1
0.97 -0.11 0.11
0.98 -0.11 0.11
0.98 -0.11 0.11
0.97 -0.1 0.1
0.98 -0.11 0.1
0.98 -0.09 0.09
0.98 -0.11 0.1
0.98 -0.1 0.1
0.98 -0.11 0.09
0.97 -0.11 0.1
0.98 -0.1 0.09
0.98 -0.11 0.09
0.98 -0.1 0.09
0.98 -0.11 0.09
0.98 -0.11 0.09
0.98 -0.1 0.09
0.98 -0.1 0.1
0.98 -0.11 0.09
0.98 -0.11 0.09
0.98 -0.11 0.09
0.98 -0.1 0.1
0.98 -0.11 0.09
0.97 -0.1 0.11
0.98 -0.1 0.1
0.98 -0.11 0.09
0.97 -0.11 0.1
0.98 -0.11 0.09
0.98 -0.11 0.1
0.98 -0.11 0.09
0.97 -0.11 0.11
0.98 -0.11 0.11
0.97 -0.13 0.16
0.97 -0.14 0.17
0.96 -0.16 0.18
0.95 -0.17 0.18
0.94 -0.17 0.2
0.94 -0.17 0.2
0.94 -0.18 0.19
0.94 -0.17 0.18
0.94 -0.18 0.2
0.94 -0.17 0.19
0.95 -0.16 0.19
0.94 -0.18 0.18
0.95 -0.17 0.18
0.95 -0.16 0.18
0.95 -0.18 0.18
0.96 -0.16 0.18
0.95 -0.16 0.19
0.95 -0.17 0.18
0.95 -0.18 0.18
0.96 -0.16 0.19
0.94 -0.17 0.19
0.95 -0.16 0.18
0.95 -0.16 0.19
0.95 -0.16 0.18
0.94 -0.16 0.18
0.96 -0.16 0.17
0.95 -0.16 0.18
0.95 -0.17 0.18
0.94 -0.16 0.19
0.95 -0.16 0.19
0.94 -0.16 0.18
0.95 -0.16 0.18
0.95 -0.16 0.18
0.94 -0.16 0.18
0.96 -0.16 0.18
0.95 -0.16 0.18
0.95 -0.16 0.18
0.95 -0.16 0.18
0.94 -0.16 0.18
0.95 -0.16 0.18
0.95 -0.16 0.18
0.96 -0.17 0.18
0.95 -0.15 0.18
0.95 -0.16 0.16
0.96 -0.16 0.18
0.96 -0.16 0.16
0.95 -0.18 0.2
0.94 -0.13 0.18
0.97 -0.2 0.18
0.92 -0.09 0.17
0.96 -0.17 0.15
0.95 -0.16 0.21
0.91 -0.15 0.19
0.96 -0.17 0.2
0.94 -0.16 0.18
0.94 -0.18 0.18
0.94 -0.16 0.0
0.97 -0.17 0.18
0.94 -0.14 0.17
0.95 -0.16 0.2
0.97 -0.17 0.19
0.94 -0.16 0.2
0.93 -0.16 0.2
0.95 -0.16 0.16
0.95 -0.17 0.21
0.94 -0.16 0.2
0.96 -0.17 0.18
0.96 -0.16 0.19
0.94 -0.16 0.18
0.97 -0.17 0.18
0.96 -0.18 0.16
0.93 -0.21 0.2
0.94 -0.13 0.2
0.95 -0.13 0.19
0.95 -0.14 0.2
0.94 -0.12 0.23
0.94 -0.12 0.23
0.95 -0.13 0.21
0.95 -0.15 0.21
0.95 -0.13 0.23
0.94 -0.13 0.22
0.94 -0.15 0.21
0.95 -0.14 0.22
0.94 -0.13 0.21
0.94 -0.14 0.22
0.95 -0.14 0.21
0.95 -0.14 0.21
0.94 -0.14 0.21
0.94 -0.14 0.21
0.94 -0.14 0.21
0.95 -0.14 0.21
0.94 -0.14 0.21
0.94 -0.14 0.21
0.94 -0.14 0.21
0.95 -0.14 0.21
0.95 -0.13 0.21
0.94 -0.14 0.21
0.95 -0.13 0.22
0.95 -0.14 0.21
0.95 -0.14 0.21
0.95 -0.15 0.21
0.95 -0.14 0.21
0.95 -0.14 0.21
0.96 -0.14 0.21
0.95 -0.14 0.21
0.95 -0.14 0.21
0.95 -0.13 0.21
0.94 -0.14 0.21
0.95 -0.14 0.21
0.94 -0.13 0.21
0.95 -0.14 0.21
0.95 -0.14 0.21
0.95 -0.14 0.21
0.94 -0.14 0.21
0.95 -0.14 0.21
0.94 -0.13 0.21
0.94 -0.14 0.21
0.95 -0.14 0.21
0.94 -0.14 0.21
0.94 -0.14 0.21
0.93 -0.14 0.21
0.94 -0.14 0.22
0.95 -0.14 0.21
0.94 -0.14 0.21
0.94 -0.13 0.22
0.94 -0.14 0.21
0.94 -0.14 0.21
0.94 -0.14 0.21
0.94 -0.14 0.21
0.94 -0.14 0.21
0.95 -0.14 0.21
0.95 -0.14 0.22
0.94 -0.13 0.22
0.96 -0.13 0.21
0.95 -0.14 0.21
0.94 -0.13 0.21
0.94 -0.14 0.22
0.94 -0.13 0.22
0.94 -0.14 0.21
0.94 -0.14 0.21
0.95 -0.14 0.21
0.95 -0.14 0.21
0.94 -0.14 0.21
0.95 -0.14 0.21
0.94 -0.14 0.21
0.95 -0.14 0.21
0.94 -0.14 0.21
0.95 -0.14 0.21
0.94 -0.14 0.21
0.94 -0.14 0.21
0.94 -0.14 0.21
0.94 -0.14 0.22
0.95 -0.14 0.22
0.94 -0.14 0.21
0.94 -0.14 0.21
0.95 -0.14 0.21
0.94 -0.14 0.21
0.95 -0.13 0.21
0.94 -0.13 0.22
0.94 -0.14 0.21
0.95 -0.14 0.21
0.94 -0.14 0.21
0.94 -0.14 0.21
0.95 -0.14 0.21
0.95 -0.14 0.21
0.94 -0.13 0.2
0.95 -0.14 0.21
0.94 -0.14 0.21
0.94 -0.14 0.21
0.95 -0.15 0.21
0.94 -0.14 0.21
0.94 -0.14 0.21
0.95 -0.14 0.21
0.94 -0.14 0.21
0.94 -0.14 0.21
0.95 -0.14 0.21
0.94 -0.14 0.21
0.94 -0.13 0.22
0.96 -0.14 0.2
0.95 -0.14 0.2
0.95 -0.14 0.21
0.95 -0.14 0.21
0.94 -0.13 0.21
0.93 -0.14 0.21
0.94 -0.14 0.21
0.94 -0.14 0.21
0.95 -0.14 0.21
0.96 -0.15 0.21
0.95 -0.15 0.21
0.95 -0.14 0.2
0.94 -0.12 0.21
0.95 -0.14 0.21
0.95 -0.14 0.2
0.95 -0.14 0.21
0.95 -0.15 0.21
0.93 -0.15 0.21
0.94 -0.15 0.2
0.95 -0.14 0.21
0.95 -0.15 0.2
0.94 -0.15 0.2
0.95 -0.14 0.21
0.95 -0.15 0.2
0.95 -0.15 0.2
0.94 -0.15 0.21
0.94 -0.15 0.2
0.94 -0.15 0.21
0.94 -0.15 0.0
0.95 -0.15 0.21
0.96 -0.14 0.2
0.95 -0.15 0.2
0.95 -0.15 0.21
0.94 -0.15 0.2
0.95 -0.15 0.21
0.95 -0.15 0.2
0.94 -0.15 0.2
0.95 -0.15 0.21
0.94 -0.15 0.21
0.95 -0.15 0.2
0.94 -0.15 0.21
0.94 -0.15 0.21
0.94 -0.14 0.2
0.94 -0.15 0.2
0.95 -0.16 0.2
0.95 -0.15 0.2
0.94 -0.15 0.2
0.95 -0.15 0.2
0.95 -0.15 0.21
0.94 -0.15 0.2
0.95 -0.15 0.2
0.95 -0.15 0.21
0.94 -0.14 0.19
0.94 -0.15 0.2
0.95 -0.14 0.2
0.95 -0.15 0.2
0.94 -0.15 0.2
0.95 -0.15 0.2
0.94 -0.15 0.2
0.94 -0.15 0.2
0.94 -0.15 0.21
0.95 -0.16 0.2
0.95 -0.15 0.2
0.94 -0.15 0.21
0.94 -0.15 0.2
0.95 -0.15 0.2
0.94 -0.15 0.21
0.94 -0.15 0.2
0.95 -0.15 0.2
0.95 -0.16 0.2
0.94 -0.15 0.2
0.94 -0.15 0.2
0.94 -0.15 0.2
0.95 -0.15 0.2
0.95 -0.15 0.2
0.95 -0.15 0.2
0.95 -0.15 0.2
0.93 -0.14 0.21
0.94 -0.15 0.2
0.95 -0.15 0.2
0.94 -0.16 0.2
0.95 -0.15 0.2
0.95 -0.15 0.2
0.95 -0.15 0.2
0.94 -0.15 0.21
0.95 -0.16 0.19
0.94 -0.15 0.2
0.94 -0.15 0.21
0.95 -0.16 0.2
0.95 -0.16 0.19
0.95 -0.16 0.2
0.95 -0.15 0.2
0.94 -0.15 0.2
0.95 -0.15 0.2
0.95 -0.16 0.21
0.95 -0.15 0.2
0.94 -0.15 0.2
0.95 -0.15 0.2
0.95 -0.15 0.2
0.95 -0.15 0.2
0.95 -0.15 0.21
0.94 -0.15 0.2
0.94 -0.15 0.0
0.94 -0.15 0.2
0.94 -0.15 0.21
0.95 -0.16 0.21
0.94 -0.15 0.2
0.94 -0.16 0.2
0.95 -0.15 0.2
0.95 -0.16 0.2
0.95 -0.14 0.2
0.95 -0.15 0.2
0.93 -0.19 0.2
0.93 -0.14 0.18
0.96 -0.13 0.18
0.95 -0.16 0.21
0.95 -0.21 0.25
0.93 -0.18 0.24
0.93 -0.26 0.25
0.88 -0.2 0.21
0.93 -0.22 0.21
0.91 -0.28 0.28
0.91 -0.23 0.23
0.93 -0.27 0.24
0.91 -0.19 0.23
0.91 -0.23 0.2
0.92 -0.26 0.24
0.91 -0.22 0.21
0.93 -0.25 0.21
0.91 -0.22 0.23
0.93 -0.23 0.21
0.92 -0.24 0.24
0.92 -0.21 0.21
0.93 -0.26 0.21
0.91 -0.22 0.23
0.92 -0.23 0.21
0.93 -0.25 0.24
0.92 -0.23 0.21
0.93 -0.25 0.22
0.91 -0.22 0.22
0.93 -0.24 0.2
0.93 -0.23 0.24
0.92 -0.23 0.21
0.93 -0.23 0.23
0.91 -0.23 0.22
0.93 -0.21 0.2
0.91 -0.24 0.24
0.92 -0.23 0.21
0.93 -0.25 0.23
0.91 -0.22 0.22
0.93 -0.23 0.2
0.92 -0.22 0.23
0.92 -0.22 0.21
0.93 -0.23 0.23
0.92 -0.23 0.22
0.93 -0.23 0.21
0.93 -0.24 0.24
0.92 -0.23 0.21
0.93 -0.24 0.22
0.91 -0.22 0.22
0.93 -0.23 0.21
0.93 -0.22 0.22
0.93 -0.23 0.23
0.93 -0.22 0.22
0.92 -0.24 0.22
0.91 -0.2 0.21
0.92 -0.24 0.21
0.93 -0.21 0.2
0.93 -0.22 0.23
0.93 -0.26 0.23
0.93 -0.21 0.21
0.93 -0.24 0.23
0.91 -0.21 0.21
0.93 -0.23 0.21
0.91 -0.21 0.21
0.93 -0.22 0.21
0.92 -0.22 0.22
0.93 -0.22 0.2
0.93 -0.25 0.23
0.94 -0.21 0.2
0.93 -0.26 0.23
0.93 -0.22 0.21
0.94 -0.25 0.23
0.93 -0.21 0.21
0.93 -0.24 0.23
0.93 -0.22 0.21
0.95 -0.24 0.22
0.93 -0.2 0.21
0.93 -0.25 0.21
0.93 -0.21 0.21
0.92 -0.23 0.2
0.93 -0.22 0.21
0.93 -0.22 0.21
0.93 -0.22 0.21
0.93 -0.22 0.2
0.93 -0.23 0.2
0.92 -0.22 0.2
0.93 -0.22 0.2
0.93 -0.22 0.2
0.93 -0.22 0.21
0.92 -0.22 0.21
0.92 -0.21 0.21
0.92 -0.22 0.21
0.93 -0.22 0.2
0.93 -0.21 0.2
0.93 -0.22 0.21
0.92 -0.22 0.21
0.93 -0.22 0.21
0.93 -0.22 0.21
0.93 -0.22 0.2
0.93 -0.21 0.2
0.93 -0.22 0.2
0.93 -0.22 0.21
0.93 -0.22 0.21
0.93 -0.21 0.21
0.93 -0.21 0.2
0.93 -0.22 0.21
0.93 -0.22 0.21
0.93 -0.22 0.21
0.93 -0.22 0.21
0.93 -0.22 0.21
0.93 -0.21 0.21
0.93 -0.22 0.21
0.93 -0.22 0.2
0.93 -0.23 0.21
0.93 -0.22 0.21
0.94 -0.22 0.21
0.93 -0.22 0.21
0.93 -0.22 0.21
0.93 -0.21 0.2
0.94 -0.21 0.2
0.93 -0.21 0.21
0.93 -0.21 0.21
0.94 -0.22 0.2
0.92 -0.23 0.17
0.90 -0.23 0.21
0.93 -0.18 0.24
0.94 -0.13 0.23
0.94 -0.16 0.24
0.93 -0.2 0.19
0.95 -0.21 0.18
0.94 -0.18 0.2
0.94 -0.16 0.2
0.95 -0.19 0.2
0.93 -0.18 0.2
0.94 -0.18 0.2
0.94 -0.18 0.21
0.95 -0.17 0.2
0.93 -0.18 0.2
0.94 -0.18 0.21
0.94 -0.18 0.2
0.94 -0.18 0.2
0.94 -0.17 0.2
0.93 -0.18 0.21
0.94 -0.18 0.21
0.93 -0.18 0.2
0.94 -0.18 0.2
0.94 -0.18 0.21
0.94 -0.18 0.21
0.94 -0.19 0.2
0.94 -0.19 0.2
0.94 -0.18 0.19
0.93 -0.17 0.2
0.94 -0.18 0.18
0.95 -0.17 0.19
0.94 -0.19 0.2
0.95 -0.18 0.19
0.93 -0.18 0.2
0.94 -0.18 0.2
0.94 -0.17 0.2
0.93 -0.18 0.2
0.94 -0.18 0.19
0.94 -0.18 0.2
0.94 -0.18 0.21
0.94 -0.18 0.2
0.94 -0.17 0.19
0.94 -0.17 0.2
0.94 -0.19 0.21
0.95 -0.17 0.2
0.93 -0.18 0.2
0.96 -0.17 0.2
0.94 -0.17 0.19
0.94 -0.17 0.19
0.94 -0.17 0.2
0.94 -0.18 0.19
0.95 -0.18 0.19
0.94 -0.17 0.2
0.94 -0.12 0.11
0.93 -0.2 0.19
0.94 -0.18 0.18
0.94 -0.19 0.16
0.97 -0.15 0.15
0.97 -0.16 0.16
0.95 -0.18 0.1
0.96 -0.17 0.18
0.96 -0.14 0.11
0.97 -0.14 0.13
0.97 -0.14 0.0
0.97 -0.14 0.13
0.96 -0.12 0.11
0.98 -0.16 0.15
0.94 -0.15 0.13
0.98 -0.15 0.12
0.96 -0.12 0.13
0.95 -0.14 0.09
0.96 -0.11 0.14
0.95 -0.14 0.11
0.98 -0.15 0.16
0.96 -0.15 0.13
0.94 -0.12 0.16
0.95 -0.14 0.12
0.97 -0.18 0.17
0.96 -0.16 0.15
0.99 -0.14 0.12
0.95 -0.14 0.17
0.95 -0.15 0.14
0.97 -0.16 0.14
0.94 -0.12 0.13
0.95 -0.2 0.13
0.96 -0.14 0.21
0.98 -0.15 0.09
0.97 -0.15 0.15
0.94 -0.16 0.16
0.98 -0.15 0.05
0.94 -0.18 0.19
0.95 -0.16 0.19
0.96 -0.16 0.16
0.94 -0.18 0.17
0.96 -0.16 0.17
0.96 -0.15 0.18
0.94 -0.15 0.17
0.96 -0.16 0.15
0.96 -0.16 0.15
0.97 -0.15 0.16
0.95 -0.15 0.16
0.96 -0.15 0.15
0.96 -0.16 0.15
0.96 -0.16 0.16
0.96 -0.16 0.16
0.96 -0.16 0.15
0.96 -0.16 0.15
0.96 -0.16 0.15
0.96 -0.15 0.16
0.96 -0.14 0.16
0.96 -0.16 0.17
0.94 -0.16 0.14
0.95 -0.16 0.17
0.96 -0.16 0.15
0.98 -0.14 0.13
0.96 -0.04 0.17
0.94 -0.1 0.1
0.96 -0.12 0.06
0.99 -0.11 0.09
1.02 -0.04 0.16
0.96 -0.06 0.13
0.99 -0.02 0.13
0.94 -0.01 0.16
0.97 -0.04 0.17
0.99 -0.05 0.13
0.96 0.02 0.16
0.97 0.01 0.17
0.98 -0.08 0.15
0.98 -0.11 0.13
0.97 -0.09 0.15
1.00 -0.15 0.09
0.96 -0.22 0.07
0.91 -0.3 0.09
0.89 -0.36 0.09
0.91 -0.36 0.09
0.93 -0.32 0.11
0.89 -0.34 0.07
0.93 -0.34 0.09
0.94 -0.28 0.07
0.93 -0.3 0.04
0.93 -0.32 0.1
0.84 -0.36 0.09
0.93 -0.4 0.07
0.90 -0.39 0.08
0.87 -0.5 0.04
0.86 -0.54 0.05
0.86 -0.52 0.07
0.80 -0.64 0.11
0.70 -0.57 0.1
0.68 -0.7 0.02
0.64 -0.71 -0.07
0.65 -0.78 -0.14
0.63 -0.77 -0.2
0.61 -0.8 -0.24
0.62 -0.75 -0.17
0.62 -0.78 -0.15
0.65 -0.73 -0.14
0.75 -0.62 -0.11
0.91 -0.44 -0.06
0.89 -0.36 0.03
0.93 -0.34 0.08
0.95 -0.28 0.08
0.93 -0.27 0.12
0.98 -0.22 0.14
0.96 -0.21 0.18
0.99 -0.22 0.06
0.99 -0.19 0.02
0.94 -0.2 0.0
0.93 -0.25 0.09
0.94 -0.29 0.11
0.96 -0.29 0.12
0.98 -0.3 0.07
0.96 -0.22 0.02
0.97 -0.14 -0.11
0.96 -0.12 -0.17
0.99 -0.05 -0.31
0.92 -0.06 -0.34
0.92 -0.09 -0.35
1.05 -0.16 -0.17
1.03 -0.23 -0.08
0.93 -0.25 -0.04
0.96 -0.24 -0.01
0.95 -0.22 -0.03
0.97 -0.29 -0.04
1.01 -0.21 0.02
0.97 -0.25 -0.03
0.95 -0.26 0.03
0.93 -0.29 0.04
0.93 -0.3 0.02
0.93 -0.27 0.01
0.95 -0.29 0.01
0.97 0.07 -0.13
1.14 -0.23 -0.11
0.98 -0.34 -0.02
0.95 -0.18 -0.04
0.96 -0.17 -0.0
0.96 -0.21 -0.0
1.00 -0.15 0.03
1.03 -0.16 0.01
0.98 -0.15 0.06
0.96 -0.12 0.03
1.00 -0.15 0.02
1.00 -0.15 -0.04
0.96 -0.16 0.06
0.94 -0.17 0.15
0.96 -0.16 0.12
0.97 -0.14 0.14
0.98 -0.14 0.13
0.97 -0.15 0.13
0.97 -0.14 0.12
0.98 -0.1 0.1
0.96 -0.13 0.11
0.97 -0.12 0.12
0.98 -0.12 0.11
0.97 -0.11 0.0
0.97 -0.12 0.11
0.97 -0.11 0.09
0.98 -0.09 0.09
0.97 -0.12 0.11
0.98 -0.11 0.11
0.97 -0.11 0.11
0.98 -0.12 0.13
0.98 -0.12 0.13
0.97 -0.11 0.09
0.98 -0.11 0.12
0.97 -0.11 0.12
0.97 -0.11 0.11
0.96 -0.14 0.1
0.96 -0.13 0.13
0.96 -0.16 0.19
0.97 -0.16 0.16
0.96 -0.13 0.13
0.96 -0.14 0.18
0.94 -0.11 0.18
0.97 -0.14 0.14
0.95 -0.14 0.22
0.94 -0.13 0.2
0.96 -0.15 0.18
0.96 -0.08 0.19
0.95 -0.13 0.17
0.97 -0.13 0.15
0.96 -0.1 0.17
0.96 -0.11 0.16
0.97 -0.11 0.19
1.02 -0.11 0.19
0.98 -0.15 0.15
0.96 -0.14 0.14
0.96 -0.11 0.15
0.98 -0.09 0.14
0.96 -0.11 0.16
0.97 -0.1 0.13
0.96 -0.13 0.13
0.98 -0.08 0.11
0.98 -0.06 0.12
0.98 -0.11 0.11
0.98 -0.1 0.12
0.98 -0.09 0.11
0.97 -0.11 0.13
0.99 -0.1 0.11
0.98 -0.09 0.13
0.98 -0.11 0.11
0.97 -0.06 0.1
0.93 -0.13 0.13
0.98 -0.09 0.1
0.98 -0.09 0.13
0.98 -0.06 0.12
0.99 -0.11 0.1
0.96 -0.11 0.11
0.96 -0.09 0.12
0.98 -0.11 0.12
0.98 -0.11 0.11
0.98 -0.11 0.12
0.98 -0.09 0.1
0.97 -0.11 0.1
0.97 -0.11 0.1
0.98 -0.1 0.11
0.97 -0.11 0.12
0.98 -0.14 0.11
0.99 -0.11 0.11
0.98 -0.05 0.08
0.98 -0.07 0.05
0.98 -0.07 0.06
0.98 -0.07 0.08
0.98 -0.08 0.09
0.98 -0.07 0.09
0.98 -0.07 0.09
0.99 -0.06 0.08
0.98 -0.08 0.08
0.98 -0.06 0.09
0.98 -0.07 0.09
0.98 -0.06 0.09
0.99 -0.08 0.09
0.98 -0.08 0.08
0.98 -0.07 0.09
0.98 -0.07 0.07
0.98 -0.08 0.09
0.98 -0.06 0.09
0.99 -0.06 0.1
0.99 -0.07 0.07
0.98 -0.07 0.09
1.00 -0.07 0.08
0.97 -0.08 0.11
0.98 -0.08 0.11
0.98 -0.08 0.11
0.98 -0.09 0.11
0.98 -0.07 0.11
0.98 -0.09 0.11
0.98 -0.08 0.1
0.98 -0.09 0.13
0.98 -0.1 0.11
0.98 -0.09 0.11
0.98 -0.09 0.11
0.97 -0.1 0.09
0.97 -0.08 0.11
0.98 -0.09 0.08
0.98 -0.09 0.09
0.97 -0.12 0.13
0.99 -0.11 0.09
0.97 -0.11 0.13
0.97 -0.11 0.12
0.97 -0.12 0.12
0.96 -0.08 0.13
0.96 -0.14 0.13
0.95 -0.12 0.16
0.96 -0.15 0.15
0.96 -0.15 0.16
0.96 -0.15 0.15
0.96 -0.15 0.16
0.96 -0.15 0.15
0.96 -0.14 0.16
0.95 -0.15 0.16
0.97 -0.14 0.14
0.97 -0.14 0.14
0.97 -0.15 0.14
0.96 -0.15 0.13
0.96 -0.14 0.15
0.98 -0.11 0.14
0.97 -0.1 0.14
0.96 -0.09 0.12
0.99 -0.11 0.09
0.97 -0.04 0.1
0.98 -0.1 0.07
0.98 -0.09 0.08
0.96 -0.09 0.13
0.96 -0.11 0.13
0.97 -0.11 0.14
0.97 -0.14 0.15
0.97 -0.14 0.15
0.95 -0.15 0.16
0.97 -0.14 0.17
0.94 -0.21 0.16
0.95 -0.18 0.16
0.96 -0.17 0.16
0.96 -0.16 0.17
0.96 -0.14 0.15
0.95 -0.14 0.18
0.96 -0.16 0.16
0.95 -0.16 0.12
0.96 -0.18 0.13
0.93 -0.14 0.25
0.89 -0.14 0.33
0.84 -0.23 0.38
0.82 -0.15 0.45
0.80 -0.16 0.57
0.77 -0.11 0.57
0.64 -0.11 0.73
0.66 -0.02 0.67
0.70 -0.02 0.7
0.70 -0.1 0.62
0.71 -0.11 0.63
0.70 -0.11 0.62
0.72 -0.11 0.6
0.69 -0.09 0.65
0.70 -0.1 0.67
0.72 -0.1 0.62
0.66 -0.1 0.66
0.70 -0.11 0.68
0.68 -0.1 0.64
0.68 -0.1 0.67
0.68 -0.1 0.66
0.67 -0.11 0.67
0.67 -0.1 0.67
0.66 -0.11 0.68
0.67 -0.11 0.67
0.68 -0.11 0.68
0.67 -0.11 0.66
0.70 -0.11 0.64
0.72 -0.11 0.64
0.71 -0.11 0.62
0.75 -0.16 0.65
0.74 -0.12 0.59
0.78 -0.16 0.56
0.74 -0.19 0.6
0.71 -0.11 0.52
0.87 -0.16 0.53
0.88 -0.14 0.4
0.89 -0.13 0.34
0.93 -0.12 0.35
0.86 -0.18 0.33
0.93 -0.2 0.3
0.93 -0.19 0.26
0.91 -0.19 0.29
0.91 -0.17 0.3
0.92 -0.17 0.27
0.90 -0.17 0.28
0.91 -0.18 0.29
0.94 -0.2 0.29
0.91 -0.17 0.31
0.90 -0.21 0.32
0.93 -0.16 0.29
0.93 -0.19 0.31
0.92 -0.21 0.29
0.93 -0.14 0.32
0.89 -0.19 0.29
0.90 -0.19 0.29
0.91 -0.17 0.3
0.90 -0.18 0.28
0.91 -0.22 0.32
0.90 -0.14 0.3
0.95 -0.18 0.17
0.96 -0.17 0.17
0.95 -0.18 0.0
0.95 -0.19 0.16
0.94 -0.18 0.18
0.95 -0.18 0.18
0.95 -0.16 0.18
0.95 -0.17 0.19
0.94 -0.18 0.2
0.94 -0.18 0.2
0.94 -0.19 0.0
0.95 -0.18 0.19
0.94 -0.18 0.19
0.94 -0.18 0.19
0.96 -0.18 0.16
0.95 -0.18 0.19
0.95 -0.18 0.18
0.94 -0.18 0.16
0.95 -0.19 0.18
0.94 -0.17 0.19
0.95 -0.15 0.15
0.98 -0.18 0.15
0.98 -0.15 0.11
0.97 -0.18 0.14
0.93 -0.22 0.17
0.97 -0.13 0.17
0.93 -0.23 0.25
0.92 -0.21 0.14
0.94 -0.18 0.22
0.93 -0.22 0.21
0.97 -0.19 0.19
0.92 -0.19 0.21
0.97 -0.17 0.17
0.93 -0.16 0.18
0.93 -0.16 0.21
0.89 -0.21 0.24
0.91 -0.25 0.26
0.96 -0.26 0.28
0.91 -0.21 0.26
0.93 -0.23 0.26
0.91 -0.25 0.27
0.93 -0.21 0.22
0.93 -0.24 0.21
0.90 -0.24 0.23
0.92 -0.23 0.24
0.94 -0.23 0.23
0.89 -0.29 0.28
0.93 -0.23 0.25
0.91 -0.23 0.25
0.92 -0.18 0.23
0.91 -0.22 0.21
0.90 -0.24 0.21
0.94 -0.23 0.23
0.89 -0.23 0.25
0.91 -0.24 0.23
0.92 -0.22 0.24
0.92 -0.22 0.25
0.92 -0.22 0.24
0.92 -0.23 0.25
0.94 -0.21 0.23
0.92 -0.23 0.26
0.92 -0.23 0.24
0.89 -0.18 0.23
0.88 -0.28 0.28
0.86 -0.27 0.34
0.93 -0.24 0.32
0.88 -0.3 0.33
0.87 -0.25 0.32
0.89 -0.25 0.29
0.89 -0.26 0.29
0.90 -0.25 0.29
0.88 -0.21 0.27
0.90 -0.28 0.31
0.88 -0.26 0.29
0.86 -0.26 0.25
0.86 -0.25 0.26
0.95 -0.25 0.27
0.88 -0.23 0.22
0.92 -0.23 0.24
0.88 -0.27 0.28
0.87 -0.25 0.28
0.93 -0.27 0.27
0.89 -0.22 0.26
0.90 -0.22 0.26
0.90 -0.25 0.29
0.89 -0.25 0.3
0.92 -0.24 0.0
0.87 -0.26 0.33
0.93 -0.29 0.28
0.91 -0.27 0.24
0.88 -0.26 0.28
0.90 -0.22 0.33
0.90 -0.23 0.29
0.88 -0.24 0.3
0.90 -0.27 0.27
0.90 -0.21 0.31
0.86 -0.32 0.32
0.91 -0.2 0.29
0.88 -0.29 0.29
0.89 -0.24 0.3
0.89 -0.25 0.32
0.88 -0.26 0.33
0.90 -0.22 0.32
0.88 -0.27 0.32
0.87 -0.27 0.32
0.90 -0.24 0.29
0.87 -0.24 0.33
0.88 -0.23 0.31
0.88 -0.25 0.3
0.89 -0.25 0.29
0.90 -0.25 0.29
0.91 -0.21 0.29
0.90 -0.23 0.3
0.89 -0.23 0.29
0.90 -0.24 0.28
0.90 -0.22 0.29
0.89 -0.23 0.29
0.90 -0.23 0.29
0.89 -0.23 0.29
0.90 -0.23 0.28
0.90 -0.23 0.28
0.90 -0.23 0.28
0.90 -0.23 0.29
0.90 -0.23 0.29
0.90 -0.23 0.29
0.90 -0.23 0.28
0.89 -0.24 0.29
0.90 -0.24 0.29
0.91 -0.23 0.29
0.90 -0.23 0.29
0.90 -0.23 0.29
0.90 -0.23 0.29
0.90 -0.23 0.29
0.90 -0.23 0.29
0.90 -0.23 0.29
0.90 -0.23 0.29
0.91 -0.23 0.29
0.90 -0.23 0.29
0.91 -0.23 0.29
0.91 -0.24 0.29
0.90 -0.23 0.29
0.90 -0.22 0.29
0.91 -0.22 0.29
0.90 -0.23 0.29
0.90 -0.23 0.27
0.90 -0.23 0.28
0.91 -0.23 0.29
0.91 -0.22 0.29
0.91 -0.21 0.27
0.92 -0.21 0.26
0.91 -0.22 0.27
0.91 -0.22 0.27
0.91 -0.21 0.27
0.91 -0.22 0.27
0.92 -0.18 0.27
0.93 -0.18 0.25
0.94 -0.18 0.24
0.88 -0.19 0.25
0.92 -0.18 0.23
0.94 -0.16 0.23
0.91 -0.19 0.23
0.93 -0.16 0.21
0.85 -0.22 0.27
0.91 -0.21 0.29
0.91 -0.24 0.28
0.92 -0.25 0.29
0.97 -0.18 0.29
0.86 -0.28 0.3
1.00 -0.21 0.31
0.85 -0.21 0.28
0.98 -0.18 0.27
0.87 -0.26 0.31
0.94 -0.19 0.31
0.84 -0.23 0.28
0.93 -0.17 0.3
0.85 -0.24 0.27
0.88 -0.14 0.28
0.93 -0.27 0.34
0.90 -0.21 0.29
0.86 -0.27 0.35
0.85 -0.25 0.35
0.91 -0.22 0.28
0.87 -0.24 0.34
0.90 -0.22 0.29
0.86 -0.23 0.34
0.86 -0.24 0.29
0.93 -0.16 0.25
0.86 -0.27 0.28
0.89 -0.23 0.34
0.87 -0.27 0.31
0.92 -0.27 0.3
0.85 -0.29 0.28
0.90 -0.25 0.26
0.87 -0.27 0.26
0.90 -0.23 0.32
0.88 -0.21 0.35
0.88 -0.24 0.34
0.90 -0.2 0.25
0.96 -0.12 0.24
0.97 -0.08 0.24
0.93 -0.13 0.27
0.93 -0.14 0.27
0.94 -0.16 0.27
0.93 -0.16 0.27
0.92 -0.17 0.28
0.92 -0.14 0.29
0.92 -0.16 0.28
0.92 -0.18 0.27
0.91 -0.18 0.28
0.92 -0.16 0.27
0.91 -0.16 0.29
0.91 -0.15 0.28
0.93 -0.16 0.26
0.93 -0.15 0.26
0.92 -0.14 0.27
0.93 -0.15 0.27
0.93 -0.15 0.27
0.93 -0.16 0.26
0.93 -0.16 0.27
0.92 -0.16 0.27
0.93 -0.16 0.27
0.92 -0.16 0.27
0.92 -0.16 0.27
0.93 -0.17 0.28
0.93 -0.16 0.29
0.93 -0.16 0.28
0.93 -0.18 0.26
0.93 -0.17 0.27
0.91 -0.17 0.27
0.92 -0.16 0.27
0.92 -0.16 0.29
0.92 -0.16 0.26
0.91 -0.18 0.27
0.92 -0.16 0.27
0.92 -0.16 0.27
0.91 -0.15 0.28
0.93 -0.16 0.26
0.94 -0.2 0.26
0.93 -0.17 0.26
0.91 -0.16 0.28
0.92 -0.16 0.28
0.91 -0.15 0.27
0.93 -0.18 0.26
0.91 -0.18 0.0
0.91 -0.16 0.28
0.93 -0.16 0.28
0.93 -0.17 0.26
0.92 -0.17 0.27
0.93 -0.16 0.28
0.91 -0.16 0.28
0.92 -0.15 0.28
0.93 -0.17 0.26
0.91 -0.18 0.26
0.93 -0.15 0.27
0.92 -0.16 0.27
0.92 -0.16 0.27
0.93 -0.17 0.26
0.91 -0.17 0.27
0.96 -0.16 0.28
0.94 -0.15 0.28
0.91 -0.16 0.27
0.94 -0.14 0.25
0.92 -0.16 0.25
0.91 -0.15 0.25
0.94 -0.15 0.26
0.94 -0.16 0.24
0.94 -0.1 0.2
0.96 -0.09 0.18
1.00 -0.09 0.2
0.96 -0.1 0.2
0.96 -0.07 0.16
0.99 -0.07 0.19
0.95 -0.08 0.19
0.97 -0.07 0.17
0.97 -0.06 0.17
0.97 -0.07 0.17
0.97 -0.07 0.18
0.96 -0.04 0.16
0.97 -0.08 0.18
0.95 -0.06 0.16
0.96 -0.07 0.18
0.98 -0.06 0.15
0.95 -0.09 0.18
0.95 -0.08 0.17
0.98 -0.07 0.14
0.97 -0.08 0.15
0.95 -0.07 0.18
0.96 -0.06 0.0
0.96 -0.05 0.15
0.96 -0.08 0.16
0.96 -0.06 0.16
0.96 -0.07 0.16
0.96 -0.06 0.16
0.96 -0.07 0.17
0.96 -0.05 0.14
0.97 -0.06 0.17
0.96 -0.04 0.15
0.97 -0.07 0.17
0.97 -0.05 0.16
0.98 -0.06 0.16
0.97 -0.04 0.15
0.98 -0.07 0.16
0.98 -0.05 0.17
0.98 -0.07 0.16
0.98 -0.05 0.16
0.98 -0.05 0.14
0.97 -0.04 0.16
0.95 -0.07 0.19
0.96 -0.08 0.18
0.97 -0.1 0.17
0.96 -0.08 0.19
0.97 -0.08 0.17
0.97 -0.09 0.15
0.96 -0.08 0.16
0.97 -0.08 0.18
0.96 -0.09 0.19
0.96 -0.09 0.19
0.96 -0.11 0.2
0.96 -0.1 0.2
0.96 -0.09 0.2
0.96 -0.09 0.2
0.96 -0.09 0.2
0.96 -0.09 0.19
0.96 -0.09 0.2
0.95 -0.09 0.19
0.96 -0.09 0.19
0.96 -0.09 0.19
0.97 -0.09 0.19
0.95 -0.09 0.19
0.97 -0.09 0.18
0.96 -0.09 0.18
0.96 -0.09 0.19
0.96 -0.09 0.18
0.96 -0.08 0.19
0.96 -0.09 0.18
0.96 -0.08 0.18
0.95 -0.09 0.19
0.96 -0.09 0.19
0.95 -0.09 0.2
0.96 -0.09 0.19
0.96 -0.09 0.2
0.96 -0.09 0.19
0.95 -0.09 0.18
0.96 -0.09 0.18
0.96 -0.09 0.18
0.97 -0.09 0.19
0.96 -0.09 0.19
0.97 -0.09 0.18
0.96 -0.09 0.19
0.96 -0.09 0.18
0.96 -0.09 0.0
0.96 -0.07 0.18
0.95 -0.09 0.2
0.97 -0.09 0.2
0.96 -0.11 0.18
0.95 -0.14 0.15
0.94 -0.2 0.19
0.93 -0.18 0.0
0.93 -0.19 0.21
0.92 -0.21 0.0
0.93 -0.21 0.21
0.94 -0.18 0.2
0.94 -0.18 0.2
0.93 -0.21 0.2
0.94 -0.2 0.2
0.93 -0.2 0.2
0.93 -0.18 0.21
0.93 -0.21 0.2
0.93 -0.19 0.0
0.94 -0.16 0.18
0.97 -0.13 0.15
0.96 -0.13 0.0
0.96 -0.1 0.13
0.97 -0.11 0.11
0.98 -0.1 0.0
0.97 -0.09 0.07
0.99 -0.1 0.08
0.98 -0.09 0.09
0.99 -0.09 0.09
0.98 -0.08 0.08
0.97 -0.06 0.07
0.98 -0.08 0.06
0.99 -0.09 0.07
0.98 -0.08 0.07
0.99 -0.06 0.07
0.98 -0.09 0.07
1.00 -0.06 0.0
0.99 -0.1 0.07
0.98 -0.07 0.06
0.98 -0.08 0.05
0.98 -0.09 0.06
0.98 -0.09 0.07
0.98 -0.09 0.06
0.98 -0.08 0.07
0.97 -0.09 0.07
0.99 -0.1 0.07
0.98 -0.09 0.07
0.98 -0.07 0.07
0.98 -0.08 0.08
0.98 -0.08 0.06
0.99 -0.08 0.07
0.98 -0.09 0.0
0.98 -0.1 0.07
0.98 -0.09 0.0
0.98 -0.09 0.07
0.98 -0.08 0.06
0.98 -0.09 0.07
0.98 -0.09 0.08
0.98 -0.1 0.12
0.98 -0.08 0.13
0.99 -0.09 0.14
0.97 -0.09 0.11
0.97 -0.09 0.11
0.97 -0.09 0.09
0.99 -0.09 0.11
0.98 -0.07 0.13
0.97 -0.09 0.14
0.98 -0.12 0.16
0.93 -0.14 0.15
0.96 -0.1 0.15
0.94 -0.12 0.16
0.95 -0.11 0.15
0.96 -0.09 0.16
0.96 -0.11 0.18
0.98 -0.1 0.16
0.95 -0.13 0.19
0.96 -0.11 0.18
0.96 -0.14 0.16
0.98 -0.09 0.18
0.96 -0.14 0.2
0.96 -0.11 0.19
0.94 -0.16 0.2
0.96 -0.14 0.22
0.96 -0.14 0.19
0.95 -0.13 0.17
0.94 -0.14 0.2
0.97 -0.15 0.2
0.96 -0.14 0.17
0.95 -0.14 0.17
0.95 -0.16 0.2
0.94 -0.15 0.21
0.95 -0.15 0.2
0.94 -0.16 0.22
0.98 -0.14 0.2
0.95 -0.15 0.17
0.95 -0.17 0.17
0.95 -0.11 0.17
0.95 -0.18 0.2
0.95 -0.17 0.19
0.94 -0.13 0.18
0.94 -0.16 0.21
0.94 -0.17 0.2
0.94 -0.16 0.2
0.95 -0.17 0.2
0.96 -0.16 0.19
0.95 -0.16 0.2
0.95 -0.16 0.19
0.95 -0.16 0.0
0.94 -0.16 0.2
0.94 -0.16 0.2
0.94 -0.16 0.19
0.94 -0.16 0.2
0.95 -0.17 0.2
0.95 -0.16 0.2
0.94 -0.16 0.2
0.95 -0.16 0.18
0.94 -0.16 0.2
0.94 -0.17 0.19
0.94 -0.16 0.21
0.94 -0.16 0.2
0.95 -0.17 0.2
0.94 -0.16 0.2
0.94 -0.16 0.2
0.94 -0.16 0.2
0.95 -0.17 0.2
0.94 -0.16 0.2
0.94 -0.16 0.2
0.94 -0.16 0.2
0.94 -0.16 0.2
0.94 -0.16 0.2
0.95 -0.16 0.2
0.95 -0.16 0.2
0.95 -0.16 0.2
0.95 -0.16 0.2
0.94 -0.16 0.2
0.95 -0.16 0.2
0.94 -0.16 0.2
0.94 -0.16 0.2
0.95 -0.16 0.2
0.95 -0.15 0.2
0.94 -0.16 0.2
0.94 -0.16 0.2
0.95 -0.16 0.2
0.95 -0.16 0.2
0.95 -0.17 0.2
0.94 -0.16 0.2
0.98 -0.17 0.19
0.94 -0.14 0.19
0.99 -0.11 0.17
0.95 -0.11 0.13
0.97 -0.07 0.09
0.93 -0.02 0.06
1.00 -0.1 0.08
1.00 -0.05 0.1
1.00 -0.05 0.08
0.98 -0.04 0.01
0.98 -0.05 0.06
0.97 -0.04 0.05
0.97 -0.04 0.01
1.02 -0.05 0.06
1.00 -0.04 0.03
0.99 -0.04 0.02
0.99 -0.04 0.04
0.99 -0.04 0.04
0.98 -0.04 0.03
0.93 -0.05 0.02
0.92 -0.05 -0.02
0.97 -0.05 0.01
0.99 -0.03 0.03
0.99 -0.04 0.04
0.99 -0.04 0.03
0.98 -0.04 0.02
0.99 -0.04 0.04
1.00 -0.03 0.04
0.98 -0.04 0.03
1.06 -0.07 0.05
0.98 -0.06 0.04
0.97 -0.03 0.04
0.98 -0.04 0.02
0.99 -0.04 0.03
0.99 -0.04 0.05
0.99 -0.04 0.05
0.99 -0.03 0.06
0.99 -0.03 0.05
0.98 -0.04 0.05
0.98 -0.03 0.04
0.98 -0.03 0.05
0.98 -0.04 0.04
0.98 -0.04 0.05
0.98 -0.04 0.05
0.99 -0.05 0.05
0.99 -0.04 0.04
0.99 -0.04 0.04
0.98 -0.05 0.04
0.98 -0.04 0.04
0.99 -0.04 0.05
0.98 -0.04 0.04
0.98 -0.04 0.05
0.99 -0.05 0.05
0.97 -0.03 0.04
0.99 -0.05 0.04
0.99 -0.04 0.06
0.98 -0.04 0.05
0.98 -0.04 0.06
0.99 -0.04 0.06
0.98 -0.03 0.05
0.99 -0.04 0.06
0.99 -0.05 0.1
0.99 -0.06 0.11
0.98 -0.1 0.13
0.96 -0.11 0.17
0.95 -0.09 0.18
0.97 -0.11 0.18
0.96 -0.12 0.0
0.98 -0.09 0.16
0.95 -0.13 0.0
0.97 -0.12 0.18
0.96 -0.1 0.1
0.96 -0.11 0.19
0.95 -0.12 0.21
0.96 -0.11 0.19
0.97 -0.1 0.18
0.96 -0.12 0.18
0.96 -0.11 0.19
0.96 -0.11 0.19
0.95 -0.11 0.19
0.96 -0.11 0.18
0.96 -0.13 0.18
0.96 -0.11 0.17
0.96 -0.12 0.18
0.96 -0.11 0.18
0.96 -0.11 0.18
0.96 -0.11 0.2
0.95 -0.11 0.19
0.96 -0.11 0.19
0.96 -0.11 0.18
0.96 -0.12 0.18
0.96 -0.1 0.18
0.96 -0.11 0.18
0.96 -0.11 0.17
0.97 -0.1 0.18
0.96 -0.1 0.17
0.97 -0.09 0.16
0.96 -0.09 0.17
0.96 -0.1 0.18
0.96 -0.09 0.18
0.96 -0.11 0.18
0.96 -0.1 0.18
0.96 -0.1 0.18
0.96 -0.11 0.17
0.96 -0.11 0.18
0.97 -0.11 0.17
0.96 -0.09 0.17
0.97 -0.1 0.16
0.97 -0.11 0.16
0.97 -0.11 0.16
0.96 -0.11 0.17
0.97 -0.1 0.17
0.96 -0.1 0.18
0.96 -0.1 0.17
0.97 -0.1 0.17
0.96 -0.11 0.17
0.97 -0.1 0.17
0.96 -0.1 0.16
28
0.984514103158223
0.9846170933831861
0.9838813984627778
0.9844192676190316
0.9842676287574538
0.9841297752469284
0.9843691032012714
0.9844898867673493
0.9845120303773264
0.984532160931851
0.9845504614359644
0.9843868958637562
0.9844184022831507
0.9833790109412329
0.9833219408685459
0.9832700589842848
0.9841111481727634
0.9830996890226988
0.9837866580283117
0.9835212312490387
0.9834512320574601
0.9832162985482646
0.9830953569004968
0.982892775678298
0.98262979607118
0.9817530052939868
0.9818437539165039
0.9812204289607206
0.9813595936135345
0.9816663093284038
0.9817649394023374
0.9807937513571083
0.9808004070024903
0.9808064575892012
0.9818715105408692
0.9819514859591242
0.9827428370614257
0.9827436009778119
0.9825729975667662
0.9809035905879049
0.9807518455181654
0.9802277849622311
0.9815238764416777
0.9816493295847906
0.9807635128212119
0.980661629114018
0.9776250450337269
0.9771284534716188
0.9740861463802976
0.9742845335926685
0.9745998055321009
0.9748864163861303
0.9748209521907188
0.975440074295621
0.9751327647187845
0.9746895768105108
0.9746420071219739
0.9723300244751346
0.9721510002189094
0.973782818830689
0.9733263895459597
0.9733794129266186
0.9741990147115378
0.975188997781578
0.9753243655436786
0.9774083746819294
0.9783922262823391
0.980188231672749
0.9807628466489611
0.9801818235318686
0.9806279148909696
0.9820748342762645
0.9824087990341521
0.9834883320072692
0.9837721526205763
0.9854109008286561
0.9865096250408694
0.9863112210715381
0.9861493232364271
0.9861313226928053
0.9861748714256092
0.9861545483193346
0.9861176299823977
0.9852594857262421
0.9863719749477656
0.9863936462028459
0.9862657974173981
0.986287906416824
0.9861788993318382
0.9870436098499922
0.9867781885845258
0.9868504243612034
0.9866025654128996
0.9866032738984223
0.9864655970423822
0.9864787571979519
0.9865598015108445
0.9870880830466244
0.9875179405232033
0.9890065299770661
0.9882202161431326
0.9875053853850112
0.986669884689665
0.9878953486953034
0.988183047772511
0.987818659904589
0.9889442344590808
0.9856188927868671
0.9848153957775426
0.9826540963558312
0.9813254744509723
0.9809681127358907
0.9811440898522569
0.9826762631375037
0.9822054031308056
0.9822688993021795
0.9823589888440313
0.984003617021441
0.9845992336343268
0.9846160524247348
0.9836754073593489
0.9846854984390145
0.985039984684797
0.984018800839851
0.9828520774338935
0.9845653937991116
0.9845991349246014
0.9837439670888005
0.9837600363092953
0.982943853637249
0.982889333781083
0.9824967021480759
0.9849925013924515
0.9842366415535637
0.9838468539817545
0.9827098019480228
0.9831334785563635
0.9831773240189939
0.9816037023568103
0.981127986796254
0.9806582666145178
0.9800774202591516
0.9805791335289281
0.98158237998851
0.981794957127213
0.9818078575260135
0.9801325494172947
0.9795994955344032
0.9791149010954109
0.9784922188018996
0.9781082858840441
0.9787890113697394
0.9792555311101488
0.9788022061642706
0.9789157346111669
0.9784933002561051
0.9780812715823569
0.9779257770012962
0.9775933387925865
0.9783208776502325
0.9779525212007102
0.9776176517011446
0.9773132248833577
0.9780662286418427
0.977721022102174
0.9774071979752026
0.9771219033143196
0.9768625445316985
0.9766267638202248
0.9772898515196811
0.9778926585191868
0.9784406648823739
0.9789388524852711
0.9785143165052909
0.9790058085061047
0.9785751856151397
0.9781837102597168
0.9787052573737648
0.979036064450643
0.9786026910192653
0.9782087151725584
0.9787279891127116
0.9792000563310328
0.979781529957911
0.9792803869349634
0.9823112938696164
0.9811170768646575
0.9837877906261081
0.9820927620718005
0.9816005148984265
0.9771048368994255
0.9799286383531399
0.9823197248551185
0.9843306719198343
0.984015789332241
0.983933201089178
0.98285846505936
0.9817691403450179
0.9855161117594492
0.9869463943017756
0.9873157753861709
0.9877065998587305
0.9880618948337848
0.9874448754141917
0.982364235378983
0.9768379175479062
0.9763380415536151
0.9776626444937251
0.9789310263201435
0.9800520077568304
0.9801399959129783
0.9811831639740102
0.9830073508604674
0.9828498354384486
0.9901802901887382
0.9894956710554947
0.987840410498363
0.9872203620416443
0.9875877675036494
0.9879951110050332
0.9883654232790186
0.9887203961184234
0.988992695113386
0.9883651418254552
0.9877205544975284
0.9871762460252068
0.9866721595997009
0.9862555640857416
0.9858768408912332
0.9864809499063528
0.9869476676043505
0.9873719564207121
0.9868917430139337
0.9864135204985435
0.9869276137276642
0.9864461302382985
0.986050082848103
0.9866384425944162
0.9852429300792007
0.9858634406191709
0.9864779267787293
0.9860789887939493
0.9857672152420502
0.9863904491631651
0.9859670593576038
0.9865721256318501
0.9874558532612959
0.9884051202700243
0.9888800829455449
0.9881747851243937
0.9866208838317049
0.9871710906377561
0.9853801669248535
0.986440664101347
0.9839327384584472
0.9848325778298569
0.9835169578141115
0.9836321653154482
0.9833297934369708
0.9834620158816839
0.9842031821273789
0.9841913626622901
0.9842452606319742
0.9842942587862322
0.9834528226038366
0.9834029170049349
0.9835792500062827
0.9833558460887009
0.9834210571725829
0.9833740393401588
0.9833312958561369
0.9836432128460063
0.9828609626581767
0.9830358060827801
0.9830238110767017
0.9831192071616744
0.9830024625734027
0.9829934987954497
0.9828233449879437
0.9836225722239785
0.9832978855745377
0.9836542881818301
0.9832385530692952
0.983110958853058
0.9829069592715354
0.9829066776119337
0.9828092538918203
0.9827206868735353
0.9825753341498396
0.9826052002285739
0.9833600614709603
0.9829710742412316
0.9834446261756685
0.9839716723561803
0.9844508052475547
0.9841481690353118
0.9846663785095875
0.9844089819805965
0.9840128035350993
0.98454331896394
0.9842322724138438
0.9847428361264349
0.984163122359559
0.9835477926527877
0.9831417389519839
0.9835123367067812
0.9830537779690561
0.982636906389306
0.9822579322258967
0.9819134102591611
0.9816002084712196
0.981315479573091
0.9810566351202468
0.9810301235213502
0.9804061404954644
0.9800299827882747
0.9801755566570353
0.9796292615279053
0.9798112646021541
0.97910657408836
0.9795257436353597
0.9797171574271126
0.9790210221110496
0.979447969110532
0.9796464533136328
0.9800165429310623
0.9792931907510041
0.9795057457140621
0.9798886269314526
0.9802367007654439
0.9807423796220328
0.9782151460614948
0.9773276212954843
0.9777188643908623
0.9780745399321149
0.9783978813332536
0.9795719159030262
0.9788889843618801
0.9789575123328071
0.9781478789409358
0.9777859181496329
0.9779547248671279
0.9774188106928817
0.9779914132758339
0.9774521637917054
0.9766058354003799
0.9772523448281052
0.9767802833846794
0.9772212844719487
0.9778118439840767
0.9771063622602718
0.9766475719593761
0.9764220027118514
0.9758428701946124
0.9756904556529752
0.9760497589610755
0.9756963752237539
0.9771068302106808
0.9761085988952694
0.9766199227504259
0.9765413949613184
0.9770041131779841
0.9765546182482056
0.9766635188553163
0.9774571373671967
0.9773024991583829
0.977161918968552
0.9773874528843272
0.97759248371685
0.9776070329177204
0.9779821354981088
0.9781331042748334
0.9779170145289616
0.9768451300937063
0.9767461289097551
0.9775322374166865
0.9792925049284904
0.9793243492115438
0.9789999644714255
0.9797516913662286
0.979388457339321
0.9801140743666346
0.9809438979843311
0.9803277536436287
0.9809679800978234
0.9806756659913326
0.9800559059844104
0.9791464186242116
0.9790197010153219
0.9794282834391251
0.9792759417561524
0.9791374493170862
0.9788300554764642
0.9794267161136948
0.9810238770532828
0.9816008195611452
0.9801940437593278
0.9799720875017912
0.9794162891757363
0.980139376036103
0.9790487556225596
0.9794546967184323
0.9799945717882114
0.9797907493462308
0.9792514363070451
0.9791151716360796
0.9798656328182332
0.9796735321007961
0.9803732332407029
0.9801349870303141
0.979736907943035
0.9795565094869795
0.9802668490463241
