0.1696312732514247
0.24149268158279408
0.31568641522293706
0.3807481151833239
0.44112799486611626
0.48239050827114266
0.5334257559875011
0.57099019318713
0.6096344305580839
0.637302734752311
0.6644462014554655
0.7438759938090459
0.7921255150903154
0.8486777204206177
0.8606217215414275
0.8746490793241855
0.8811989282347992
0.9052740534071572
0.9036845897006149
0.9161658439044466
0.9159771045616271
0.9264219151382675
0.9478695504679989
0.9545117628076532
0.9535552331330517
0.9580962893025959
0.9659033664215143
0.9401994515919565
0.9475625395822569
0.9501221448040581
0.969666170995185
0.9790025683422603
0.9732687597868274
0.9685123162845226
0.9625774378242316
0.9764542117496174
0.9619630475879702
1.0071969730536736
1.0521442296237298
1.0613580260631033
1.101783675703455
1.1342486649241748
1.1157420191205705
1.1057724299136018
1.1308007539713842
1.1141891201572796
1.1013115043612862
1.090238926180557
1.0813631290875116
1.0703918852666627
1.0669090250808677
1.0678669368311566
1.0624256153662672
1.0615551427626018
1.0547260384500081
1.0520965917880434
1.038575169506169
1.043756989677873
0.9977538130851749
0.9958518414209653
0.9760903497589127
0.9550443586774999
0.9572657309420424
0.9611181586813129
0.9620393492398702
0.9582704391333824
0.9730929423510921
0.9930644500452911
1.0110904540581886
1.0276688268316219
1.0258346090954165
1.0129287264438984
1.0019067663011276
1.0418089387459322
1.0383135222562172
1.020080959706707
1.0065461996998761
1.0222111716235533
1.0383918590708432
1.0425700008873084
1.0249556472729557
1.0225218931309275
0.9971306915518472
0.9760246333601285
0.9596552741905559
0.9598544912074071
0.9517424117346489
0.9823505554653728
0.9749871801319503
0.9431279662686105
0.9493643084416914
0.9507712730861066
0.9626979645584726
0.9670014348683705
0.9681133828813034
0.9399066795388632
0.9220043593290381
0.9149364239222993
0.9455637898849737
0.9253309695541977
0.9342584800660152
0.9331960680976302
0.9297385267822004
0.9301989991396389
0.9416713458140591
0.94662537336512
0.9512935166578735
0.9514606701335943
0.9537685154457901
0.9545494286812978
0.954664085228854
0.9593353692608159
0.962638711581775
0.9636348207170955
0.9605472413192143
0.9675417089677257
0.9649127288329077
0.9662193401924258
0.9682386812430555
0.9686909133663861
0.969602841791248
0.9704738419757678
0.971622062442059
0.9718461717731993
0.9719467205653755
0.9717361875680492
0.9710870115987909
0.9755426482536276
0.9759453109918202
0.9757178620630387
0.9799910859886632
0.975830321037844
0.9807529396709559
0.9864061412756743
0.9837937729171032
0.9866636569105792
0.9855063483369517
0.9853043894937957
0.9844627273096674
0.9839472633354217
0.9825373697384296
0.9843260226991312
0.9857146042872084
0.9842978587707001
0.9827971216000961
0.9822100269494378
0.981303912502841
0.9834371138853502
0.9823981712427393
0.9820564148251454
0.9820667449662138
0.9823327584579562
0.9818040786847859
0.981291476739517
0.9819654528453352
0.9826436012769083
0.9825090552446318
0.9818314486807945
0.9747961783728093
0.9571902740636545
0.9430213982436922
0.9558945623026328
0.9576083869793418
0.9624031635387691
0.9727270225655557
0.9890823940686402
0.9916208945794822
1.0024363845228412
1.0025170293161727
1.0008227606504079
0.9994899877235035
0.9968829475915897
0.9954712865328497
0.9952636508039702
0.9926921127200985
0.9911278770308679
0.9909091980243232
0.9898671602610054
0.9877312910508492
0.9866210212975307
0.9858447281041591
0.9860261226426182
0.9860569797568215
0.984368090573728
0.9837875000596473
0.9848828484118719
0.985952670532331
0.9826934320528106
1.0077641107350848
1.025708526797514
1.0231464278406606
1.0276780200552351
1.0249748714290972
1.006275852614298
0.9888802784115058
0.9782520357888387
0.9737625407292421
0.9722576700813103
0.9720732777401129
0.970570457439138
0.9705838968311937
0.9714811767994782
0.9720090309837012
0.9727973350820478
0.9728138905107976
0.973702021355231
0.9754196182626239
0.9754536562064597
0.9754905621015204
0.9758666455667353
0.9757698158114841
0.9755094182355581
0.9755412548552461
0.9757801132417689
0.9759675120787736
0.9759667862397386
0.9766936600048097
0.9770449640410649
0.9773391102265389
0.9772290152394422
0.9721640606053498
0.9507865581096486
0.9340673690824037
0.9309176417934879
0.9417569028272319
0.9534466271136872
0.9146895321473569
0.9184564871991231
0.9293665465070241
0.9382643094060409
0.9429021032093203
0.9452703704846463
0.9494272425919363
0.9525532658641226
0.954755223051439
0.9570127644810522
0.9588714621658803
0.9600724942782605
0.9620976053518852
0.9637539408265524
0.9644650874654669
0.9653209300575096
0.9665197589613365
0.9673499708403345
0.9680661715301224
0.969152827533141
0.9700194198203028
0.9701443674654644
0.9705190968482011
0.9706317893991084
0.9714337557268897
0.9733750042834143
0.9783646100158973
0.9919595661549337
1.0229113997302364
1.0270731197521359
1.022115093618404
1.0084015687248913
0.9858667808229226
0.9645966134271664
0.960911226527162
0.9608935622797112
0.9600379658844396
0.9628446691144369
0.9640575124132877
0.9663056140273988
0.9667254479263949
0.9677586797341365
0.9682296040309543
0.9680904602505955
0.9690310100372976
0.9690864323146582
0.9696837295514417
0.9704121889796341
0.9721998317714057
0.9731676994832927
0.9738586419270221
0.9684987648913765
0.9555255091974891
0.9356043318481334
0.9270281478092077
0.920931402802271
0.9227397821279634
0.9794027420425343
1.0730369933310118
1.0602986596700037
1.0567940998222425
1.0471154922539394
1.0399032626812919
1.0327212041839886
1.0279219200823932
1.0226653345689911
1.0184691260104655
1.014083879618079
1.0105936678000775
1.0076722872264474
1.0050097968956235
1.002871419576181
1.0005777020677287
0.9982932861820678
0.99652843945762
0.9935823886216576
0.9921659007919026
0.9912421908686837
0.9908464509274317
0.991866488482804
0.9913166660481966
0.9905998551790677
0.9912686330604057
0.9972061463649283
1.018974900680685
1.020658945854276
1.017967815046267
1.0137448133687377
1.0116271855547985
1.0011581243189203
0.9893319862566764
0.9842808278190641
0.9831307592572529
0.9806528195595678
0.9797992550489938
0.980063685794658
0.9818547118479626
0.980733185447551
0.9808616339955102
0.9798415450039424
0.9791370476243476
0.9780183544531631
0.9780389455823101
0.9776768553673996
0.9770406529330267
0.9777985565391994
0.9783831088515735
0.9775049522951776
0.9746316878355032
0.9533015958209453
0.9477810404739286
0.9360317032869948
0.9302633220128335
0.9484325447273538
0.9926633206474083
1.0492952963304503
1.0332476737318301
1.0308803424256523
1.0272294885334974
1.022868108497226
1.019425184004562
1.0156260208894947
1.012023329347526
1.008761054849762
1.005391498963101
1.0024470508182448
0.999908823627156
0.9981066296808824
0.9961042941886951
0.9943990317506763
0.9923729968454743
0.991325093800932
0.9894796517637616
0.9883643505536409
0.9877305348856352
0.9932576653102934
1.0003034179525887
1.0007413245749925
1.010076215255731
1.0126580837887627
1.0124545057246763
1.0095512543187477
1.003301350941954
0.9887215987877213
0.9843862181496662
0.9832540720299389
0.9806921832650921
0.9798015723284382
0.9809765243701971
0.9832227349992478
0.9816920803476912
0.9818044157226652
0.9813237671072486
0.9809307438948253
0.9805064293735302
0.980143779517126
0.9792863549921257
0.9796613599319133
0.9791988502091278
0.9794945016983572
0.9815581916156172
0.9815118486309902
0.9802739659325757
0.9689617284918534
0.9477930849818357
0.9385817632901866
0.9267607443552318
0.9246721747964333
0.9749940165412219
1.0014553530842132
0.9853776400163486
0.984532718244541
0.991949622159863
0.9908043215928702
0.9899773556120267
0.9890795064838429
0.9879681555581368
0.9871092141905827
0.9861792142316405
0.9854717546307825
0.984560606693935
0.9838593203323694
0.9830947573317413
0.9820523262325285
0.9812783788688292
0.9808754768550005
0.980355933469109
