0.406 0.812 -0.281
0.430 0.859 -0.285
0.402 0.824 -0.285
0.406 0.914 -0.344
0.312 0.961 -0.207
0.316 0.996 0.0
0.410 0.723 0.332
0.645 0.598 0.562
0.766 0.281 0.48
0.484 0.508 0.707
0.539 0.5 0.543
0.312 0.5 0.727
0.723 0.461 1.277
0.227 0.477 1.16
-0.707 0.684 1.016
0.086 0.625 0.75
0.008 0.598 0.82
-0.094 0.57 0.75
-0.457 0.594 0.867
0.145 0.039 0.875
-0.070 0.344 0.98
-0.238 0.496 0.73
-0.223 0.68 0.742
-0.672 0.57 0.758
-0.660 0.715 0.309
-0.484 0.805 0.094
-0.699 0.645 -0.32
-0.699 0.609 -0.48
-0.504 0.156 -0.434
-0.496 0.508 -0.734
-0.227 0.496 -0.809
-0.332 0.668 -0.895
-0.457 0.66 -0.711
-0.266 0.602 -0.637
-0.371 0.59 -0.602
-0.367 0.723 -0.398
-0.504 0.91 -0.402
-0.273 0.77 -0.012
-0.281 0.727 1.234
-0.441 0.164 1.426
0.621 -0.496 0.836
1.203 -0.812 0.402
1.098 -0.859 0.43
0.773 0.332 0.398
0.855 0.461 0.262
0.914 0.949 -0.414
0.887 0.332 0.043
0.812 0.535 -0.016
0.891 0.406 -0.027
0.836 0.535 -0.012
0.855 0.426 -0.102
0.867 0.555 -0.074
0.824 0.633 -0.285
0.750 0.27 -0.617
0.863 0.254 -0.547
0.762 0.129 -0.613
0.754 0.027 -0.695
0.434 -0.324 -0.723
0.980 0.227 -0.434
0.246 0.07 -0.473
0.844 0.148 -0.469
0.664 0.082 -0.398
0.641 0.094 -0.367
0.828 0.414 -0.32
0.898 0.316 -0.305
0.812 0.484 -0.223
0.754 0.527 -0.035
1.020 0.465 0.027
1.039 0.551 0.199
1.156 0.168 0.234
1.164 0.168 0.203
1.000 0.121 0.02
0.883 -0.004 -0.039
0.891 0.035 -0.0
1.020 -0.992 0.227
0.652 -0.699 0.305
0.789 -0.172 0.223
0.863 0.117 -0.023
1.164 -0.184 0.031
1.168 -0.242 -0.133
0.969 -0.484 -0.051
0.668 -0.523 -0.027
0.672 -0.738 -0.012
.703 -0.238 -0.039
0.625 -0.441 0.008
0.633 -0.465 -0.129
0.848 -0.434 -0.133
0.703 -0.453 -0.242
1.129 -0.57 -0.246
0.855 -0.113 -0.262
0.574 -0.187 -0.16
0.918 -0.41 0.113
0.937 -0.215 0.082
1.070 -0.148 0.062
0.984 -0.086 0.211
0.973 -0.078 0.078
0.496 0.184 -0.391
0.676 -0.242 -0.191
0.793 0.02 -0.289
1.152 -0.488 -0.043
0.660 -0.102 -0.277
1.012 -0.094 -0.121
0.883 -0.187 -0.191
0.852 -0.238 -0.137
0.895 -0.152 -0.223
0.973 -0.379 -0.16
0.961 -0.187 -0.184
0.961 -0.207 -0.172
0.910 -0.219 -0.18
0.930 -0.223 -0.199
0.922 -0.195 -0.195
0.906 -0.227 -0.203
0.961 -0.234 -0.184
0.961 -0.141 -0.219
0.941 -0.062 -0.242
0.891 -0.062 -0.258
1.000 -0.043 -0.273
0.887 -0.16 -0.262
0.930 -0.172 -0.254
0.949 -0.109 -0.254
0.926 -0.152 -0.258
0.934 -0.145 -0.254
0.934 -0.141 -0.258
0.937 -0.141 -0.262
.926 -0.121 -0.277
0.930 -0.094 -0.27
0.922 -0.172 -0.246
0.922 -0.098 -0.266
0.992 -0.117 -0.207
0.926 -0.215 -0.238
0.926 -0.16 -0.254
0.973 -0.105 -0.297
0.832 -0.352 -0.238
0.992 -0.008 -0.277
0.984 -0.23 -0.258
0.922 -0.102 -0.238
0.984 -0.152 -0.199
0.937 -0.176 -0.199
0.949 -0.098 -0.238
0.941 -0.156 -0.207
0.941 -0.145 -0.227
0.926 -0.141 -0.246
0.965 -0.121 -0.242
0.965 -0.074 -0.25
0.930 -0.133 -0.242
0.926 -0.129 -0.25
0.937 -0.113 -0.25
0.930 -0.16 -0.234
0.969 -0.09 -0.25
0.934 -0.133 -0.234
0.941 -0.117 -0.242
0.945 -0.148 -0.223
0.949 -0.141 -0.223
0.941 -0.164 -0.203
0.941 -0.133 -0.223
0.953 -0.152 -0.215
0.957 -0.148 -0.203
0.949 -0.16 -0.191
0.934 -0.211 -0.184
0.848 -0.285 -0.133
0.734 -0.227 -0.141
0.730 -0.297 -0.145
1.043 -0.281 -0.098
0.809 -0.531 -0.117
0.867 -0.496 -0.152
0.871 -0.594 -0.215
1.004 -0.477 -0.305
0.910 -0.34 -0.301
1.012 -0.262 -0.375
0.852 0.055 -0.527
0.840 0.066 -0.508
0.848 0.086 -0.496
0.812 0.098 -0.523
0.832 0.113 -0.508
0.863 0.086 -0.484
0.828 0.086 -0.492
0.844 0.094 -0.48
0.852 0.098 -0.492
0.844 0.094 -0.488
0.832 0.086 -0.484
0.836 0.082 -0.496
0.832 0.102 -0.504
0.848 0.082 -0.5
0.828 0.098 -0.527
0.840 0.004 -0.48
0.852 0.012 -0.48
0.855 0.051 -0.508
0.855 0.012 -0.512
0.836 -0.18 -0.414
1.137 -0.336 -0.422
1.043 -0.512 -0.32
0.816 -0.551 -0.16
0.930 -0.504 -0.18
0.871 -0.465 -0.145
0.738 -0.336 -0.117
0.723 -0.363 -0.098
0.793 -0.359 -0.051
0.867 -0.309 -0.125
0.918 -0.234 -0.137
0.937 -0.176 -0.18
0.918 -0.184 -0.191
0.934 -0.187 -0.187
0.941 -0.172 -0.215
0.941 -0.141 -0.223
0.941 -0.133 -0.242
0.934 -0.133 -0.238
0.945 -0.133 -0.234
0.957 -0.121 -0.234
0.937 -0.117 -0.246
0.937 -0.133 -0.238
0.941 -0.125 -0.242
0.937 -0.125 -0.238
0.934 -0.125 -0.242
0.937 -0.133 -0.238
0.941 -0.113 -0.242
0.937 -0.133 -0.246
0.934 -0.125 -0.254
0.945 -0.121 -0.246
0.937 -0.145 -0.25
0.930 -0.227 -0.211
0.937 -0.164 -0.219
0.871 -0.262 -0.148
0.664 -0.289 -0.137
0.687 -0.305 -0.152
0.762 -0.453 -0.152
0.961 -0.402 -0.133
0.926 -0.516 -0.148
.035 -0.473 -0.23
0.898 -0.258 -0.203
0.957 0.031 -0.402
0.875 0.199 -0.5
0.883 0.031 -0.445
0.875 0.043 -0.414
0.887 0.102 -0.43
0.883 0.082 -0.426
0.879 0.082 -0.418
0.879 0.074 -0.426
0.875 0.07 -0.43
0.867 0.07 -0.434
0.883 0.062 -0.426
0.879 0.059 -0.43
0.871 0.062 -0.426
0.871 0.07 -0.43
0.871 0.066 -0.441
0.871 0.07 -0.434
0.867 0.07 -0.441
0.875 0.062 -0.437
0.875 0.062 -0.434
0.863 0.066 -0.441
0.867 0.055 -0.441
.863 0.039 -0.445
0.852 0.055 -0.48
0.883 -0.027 -0.453
0.906 0.078 -0.48
1.023 -0.281 -0.383
1.078 -0.734 -0.273
0.895 -0.543 -0.215
0.812 -0.512 -0.156
0.746 -0.43 -0.133
0.660 -0.367 -0.09
0.652 -0.371 -0.051
0.859 -0.324 -0.105
0.918 -0.258 -0.117
0.898 -0.285 -0.133
0.961 -0.148 -0.191
0.945 -0.117 -0.215
0.957 -0.125 -0.215
0.934 -0.191 -0.184
0.949 -0.09 -0.219
0.941 -0.152 -0.195
0.937 -0.117 -0.207
0.945 -0.152 -0.203
0.937 -0.145 -0.203
0.941 -0.148 -0.211
0.945 -0.129 -0.215
0.957 -0.141 -0.211
0.945 -0.191 -0.191
0.945 -0.191 -0.18
0.875 -0.211 -0.164
0.777 -0.246 -0.133
0.668 -0.305 -0.055
0.816 -0.137 -0.152
0.715 -0.453 -0.152
0.762 -0.523 -0.176
1.336 -0.734 -0.258
1.934 -0.105 -0.535
0.801 0.141 -0.457
0.965 -0.164 -0.293
0.863 0.074 -0.391
0.902 -0.086 -0.34
0.883 0.0 -0.379
0.914 -0.031 -0.352
0.898 0.0 -0.367
0.906 -0.031 -0.363
0.898 -0.016 -0.367
0.902 -0.027 -0.371
0.910 -0.02 -0.359
0.910 -0.016 -0.359
0.910 -0.023 -0.367
0.906 -0.016 -0.367
0.902 -0.016 -0.371
0.910 -0.035 -0.359
0.891 -0.031 -0.367
0.906 -0.031 -0.367
0.902 -0.031 -0.387
0.910 -0.047 -0.379
0.937 -0.012 -0.355
0.902 -0.047 -0.395
0.879 -0.004 -0.441
0.867 -0.078 -0.488
0.930 -0.258 -0.43
1.078 -0.539 -0.277
0.820 -0.574 -0.273
0.719 -0.664 -0.156
0.766 -0.586 -0.117
0.844 -0.504 -0.121
0.773 -0.445 -0.09
0.762 -0.414 -0.082
0.887 -0.266 -0.12
0.926 -0.27 -0.117
0.902 -0.297 -0.109
0.941 -0.176 -0.164
0.953 -0.145 -0.191
0.969 -0.187 -0.16
0.934 -0.172 -0.195
0.953 -0.109 -0.211
0.937 -0.145 -0.203
0.941 -0.141 -0.199
0.937 -0.137 -0.195
0.949 -0.141 -0.191
0.945 -0.148 -0.184
0.941 -0.156 -0.18
0.957 -0.164 -0.168
0.949 -0.203 -0.164
.930 -0.234 -0.137
0.887 -0.316 -0.09
0.668 -0.316 -0.039
0.805 -0.371 -0.105
0.730 -0.344 -0.137
0.727 -0.465 -0.129
0.930 -0.629 -0.129
1.297 -0.578 -0.207
1.520 -0.344 -0.426
0.707 0.109 -0.5
0.879 0.16 -0.465
0.898 -0.02 -0.418
0.867 0.113 -0.441
0.898 0.047 -0.402
0.887 0.086 -0.402
0.887 0.086 -0.398
0.891 0.078 -0.391
0.875 0.062 -0.418
0.875 0.055 -0.422
0.875 0.051 -0.426
0.879 0.055 -0.43
0.875 0.047 -0.43
0.875 0.035 -0.434
0.863 0.047 -0.445
0.867 0.039 -0.457
0.844 0.055 -0.477
0.875 -0.031 -0.434
0.875 -0.055 -0.441
0.953 -0.152 -0.41
0.969 -0.312 -0.332
0.867 -0.457 -0.223
0.891 -0.621 -0.195
0.824 -0.617 -0.137
0.848 -0.531 -0.141
.828 -0.512 -0.117
0.816 -0.457 -0.102
0.750 -0.375 -0.086
0.863 -0.367 -0.078
0.930 -0.227 -0.168
0.922 -0.191 -0.16
0.914 -0.301 -0.129
0.961 -0.18 -0.172
0.977 -0.148 -0.187
0.930 -0.176 -0.195
0.949 -0.145 -0.211
0.941 -0.164 -0.203
0.945 -0.148 -0.199
0.941 -0.172 -0.195
0.941 -0.164 -0.203
0.937 -0.152 -0.203
0.949 -0.164 -0.199
0.941 -0.152 -0.203
0.945 -0.176 -0.203
0.961 -0.207 -0.195
0.934 -0.246 -0.172
0.914 -0.273 -0.164
0.781 -0.336 -0.098
0.664 -0.309 -0.074
0.773 -0.336 -0.078
0.691 -0.383 -0.172
0.793 -0.41 -0.141
1.258 -0.762 -0.148
1.199 -0.223 -0.34
0.723 0.066 -0.391
0.867 0.055 -0.445
1.008 -0.047 -0.344
0.902 0.07 -0.375
0.910 -0.031 -0.367
0.910 0.027 -0.363
