0.17290339071178282
0.2488043525497261
0.3205743249180977
0.391224089160793
0.4454614452794628
0.49610941826823096
0.5391672281886384
0.5825418751633118
0.6212828609051988
0.667709041521195
0.7022654181604064
0.7295877029097526
0.751170733020285
0.7737822113543458
0.7954930199642228
0.8099161806306597
0.7971509884339508
0.8014145671170599
0.8497110841754701
0.8378338846006468
0.8694656099792734
0.8879457733776228
0.900423118208553
0.9141315153667139
0.92569841127299
0.9370593588481847
0.9494567760385461
0.954375582780372
0.9589288070293015
0.9724286197551009
0.9898461913237594
0.9973300675660547
1.0127956132090012
1.0201548509689027
1.0240998815057416
1.020295991792034
1.0532141841938596
1.0246843703536797
1.0112259110267747
1.0124512678016333
1.00079547296971
0.9923329347018478
0.9695934643144885
0.8916490738514792
0.9358449147864287
0.9855929371425547
1.0158115196258342
1.0172513496446431
1.0151025096956543
1.0243915108385337
1.0316395563616618
1.0359601735029924
1.0176361204239566
0.9987312036906407
0.9902694305418855
1.0020303617817996
1.0139662558061104
1.0008100462616694
1.0225285581124752
1.0328117282799791
1.0118198317719027
0.9823443258773605
1.018763657789943
0.9930708388289996
0.9999208775929109
1.1343500675284905
1.1589799359405193
1.1323513272219994
1.1574253727748087
1.1411705198272568
1.1027741205629376
1.0778229764749572
1.1076895115914982
1.1699515971929946
1.1507937523843823
1.1732837262000313
1.1370350470397264
1.180156680674857
1.1629376821997564
1.1458864644664053
1.1720398636774951
1.1581393703128795
1.1399804129075612
1.129675867244622
1.116112234300054
1.1091541648388756
1.1171637289803933
1.1091728276711
1.0959998135032023
1.0888935155477384
1.0804309415737778
1.1041342222598465
1.1445967825622012
1.1312551354487308
1.1082649123494486
1.0958444990056284
1.0871548596957994
1.0769632989181184
1.0688466914159058
1.0615410557345075
1.202333978405858
1.1945964038779462
1.1748932720206253
1.15663183398624
1.1340325942918648
1.1224943773786886
1.1105658875649276
1.0999921245666393
1.0875509440099107
1.0850509009632434
1.0732119551113988
1.065138355261519
1.0579667298091133
1.0539391324666931
1.0518321071664656
1.0261015939704767
1.0270255772475343
1.027739632616102
1.0299201000040343
1.0436080170548339
1.0333550066840171
1.0246009906645064
1.0106678396961604
1.0022843798038554
0.9926683151561284
1.0028783531262093
0.9888660654315707
0.9960795502064976
0.9973263218609844
1.0461518131228273
1.0754226339022133
1.0640290447590675
1.0420838363596558
1.0310470418895592
1.025391577316275
1.0273963893120737
0.9953835145324514
0.9586254529890148
0.9499645102973869
0.9559435298112249
0.9648407613196561
0.9626581537937546
0.9659113933673974
0.9676678539593969
0.9701867589109194
0.993623845085289
0.9871735975629824
0.9771943474538308
0.9720664709816865
0.9653550698887259
0.9711793073811296
0.9841498264824399
0.9911794230127376
0.987352018521979
0.9876493837723131
0.9874227889116607
1.0150094850515317
1.006982385483944
0.9911660232542148
0.9601613488930364
0.9566167218219399
1.0083533084458105
1.0057506386516304
0.997341660775377
1.0214982490129267
1.0027245654634775
1.0117331871885946
1.0115514991351182
1.0068609271490474
1.0062268877316924
1.0019417337453278
0.9990895647693221
0.9981584046175155
1.0005462067914093
0.9994563275374021
0.9952025894676008
1.0029088775969113
0.996407486864058
0.9908122501081664
0.9911150773550932
1.0125209980761054
1.0038839021317327
1.0081377700079415
1.0108535253653057
1.0152585016829752
1.016812735582217
1.0093824088052579
1.0104380192221898
0.9925016310845255
0.9993427723672347
0.9886631357868368
0.9982239647198473
0.9903049408262196
0.9831404937538605
1.0020668823681074
1.000447578539062
0.9922038399034459
0.9968565306964482
0.9814013408294818
0.9766784768694687
1.006110811542405
0.9938881588201817
0.9840422224649565
0.9812558717081203
0.9798110312043797
0.9814429370647365
0.980356266096684
0.980112030848613
0.9806040947103188
0.9819011634679392
0.9822091295301637
0.9808214046251184
0.9797373961483179
0.9795525832549661
0.981232035027513
0.980377138580748
0.976238963105033
0.9680223889632288
0.9533901291712314
0.9506840537771223
0.9453809823021048
0.9380215273500792
0.938172466778003
0.9407530936036763
0.9565208456887803
0.9575653443101082
0.9754986786834722
0.992407058104073
0.9807804976285623
0.9778935168324554
0.9684295106042913
0.9656860125954249
0.9613350743151391
0.965113866632668
0.9644220648468651
0.9646025845358431
0.9680424877136108
0.9716938360987029
0.971483694411143
0.9735360271341953
0.9741936706292961
0.9754843015760905
0.9755514864421907
0.976624445842527
0.977772473337783
0.9777901829994615
0.9777080656469753
0.9789254128678467
0.9797763653172463
0.9804240324906878
0.9804127990045817
0.9805026853502201
0.9816507513405868
0.9817798837642354
0.981880583657042
0.9821606597395178
0.9818181051497583
0.9819122780879694
0.9822930164952279
0.9896847331055284
0.9978627991564984
0.9959779044797566
1.0067673932264265
0.9829815829058279
0.9934904051085701
0.9798747284945837
0.9782140721123628
0.9873848541408813
1.044094604241148
1.0522227985773887
1.0465250324591155
1.0264866567046198
1.0178681808794812
1.0091055503959991
1.0026172249785525
1.0095730768270215
0.9858129669691315
0.969984353588636
0.9530052787167608
0.9484934155422231
0.9516958767435519
0.9521695199024631
0.9513947617140037
0.9520605958232123
0.9561608121707756
0.9602836344410677
0.9620533011377076
0.9639892157131055
0.9648818314925882
0.9666356436428221
0.9690635249268195
0.9694051744031588
0.9684989124419924
0.9548805135810157
0.9293561040279328
0.9172653065577111
0.9292115012108675
0.9169564617779826
0.9182064364797334
0.9204118918021238
0.9386043870197884
0.9490986060338457
0.9764287664780474
0.9703006787768174
0.9614072984606911
0.9649253162765793
0.9661062083643265
0.9678482340881236
0.9724339596904628
0.975304097725212
0.977048939793752
0.9797143743311074
0.9778000086063254
0.9797411570049644
0.9796856642708266
0.9793150155232976
0.9794463231710949
0.98021666081463
0.9808565818850027
0.9805530539658619
0.9807453496230494
0.9805411688634119
0.9813360712767211
0.9818154137420592
0.9810698670434944
0.9842645245955862
0.985336360302578
0.9864751199122136
0.9912554024142692
0.9971726058975608
1.0053073234440901
1.0025096778218034
1.004147733889022
1.0027402364314382
1.014013546219868
1.0086858432018748
1.0088177774021665
0.9872802328087559
1.0536544193786948
1.0730760171412492
1.071696275669347
1.0489039334575834
1.038702756258096
1.0290300568086297
1.018191558266883
1.01420204689336
0.9983736136275624
0.9809161704765839
0.9708375843060256
0.9679881687103573
0.9650633490719387
0.9637314575203793
0.9629761380180137
0.9658653306365566
0.9667638408623336
0.9691455130504324
0.9707042426866821
0.972381693903035
0.9736441513716649
0.9742617891880335
0.9729966019683537
0.9630044423844009
0.9491986904800811
0.9254608201812026
0.9218659309833974
0.921564675580163
0.9217996941291573
0.9242967776106426
0.9095505776032101
0.9172047017654589
0.9257883589227341
0.9384836045627434
0.9298470474015378
0.9264474684890535
1.1636057989766726
1.1660015284167018
1.1573606967327934
1.1458072497037481
1.132474239162178
1.1203770649819564
1.1089325870625926
1.0977857512509646
1.087547359156989
1.077230845252046
1.0689500851958547
1.0610489109361738
1.0545094882357005
1.045195648048635
1.0389854354356383
1.033900844245218
1.0290613220555125
1.0264638728007827
1.0246060057836848
1.017676962037659
1.0177485145451852
1.0136997126149325
1.013191386842764
1.0112896829465585
1.008213929304982
1.0057471636846589
1.0035046494843651
1.0026178603088283
1.000591649047253
1.0006894636374313
1.0288587662326885
1.0532109176590476
1.0458741574398458
1.0165103923290189
1.018094597738312
1.0090656175769952
1.033894461821734
1.0301533894332424
1.0429290148851482
1.0504651374561516
