0.230 0.824 0.562
0.195 0.797 0.52
0.203 0.844 0.512
0.203 0.898 0.48
0.258 0.93 0.523
0.172 0.953 0.195
0.086 0.965 0.258
0.102 0.941 0.211
0.035 0.996 0.199
-0.098 0.984 0.199
-0.035 1.098 0.273
-0.109 1.031 0.152
-0.098 0.988 0.141
-0.129 0.957 0.051
0.113 0.984 0.137
-0.031 1.012 0.016
-0.094 0.949 -0.031
0.098 0.66 0.055
-0.316 0.777 0.094
-0.855 0.824 0.605
-0.512 0.355 0.359
-0.672 0.961 0.176
-0.523 0.777 0.523
-0.496 0.734 0.516
-0.527 0.699 0.582
-0.586 0.727 0.461
-0.570 0.773 0.426
-0.605 0.75 0.473
-0.574 0.66 0.492
-0.602 0.707 0.383
-0.605 0.863 0.34
-0.523 0.973 0.367
-0.359 0.988 0.211
-0.383 1.102 -0.043
-0.445 0.973 -0.227
-0.699 0.793 0.117
-0.555 0.73 -0.352
-0.633 0.867 -0.871
-0.340 0.406 -0.516
-0.250 0.684 -0.488
0.012 0.676 -0.77
0.000 0.57 -0.676
0.035 0.492 -0.762
0.059 0.383 -0.633
0.055 0.078 -0.059
-0.645 0.781 -0.934
-0.609 0.695 -1.16
-0.594 0.645 -0.984
-0.523 0.484 -0.746
-0.488 0.465 -0.73
-0.570 0.633 -0.723
-0.504 0.547 -0.816
-0.430 0.566 -0.812
-0.254 0.418 -0.676
-0.297 0.324 -0.68
-0.270 0.187 -0.844
0.090 0.082 -1.113
0.016 0.191 -1.117
-0.082 0.238 -0.832
0.020 0.773 -0.969
-0.129 0.633 -0.934
-0.465 0.574 -0.312
-0.445 0.523 0.035
-0.309 0.895 1.008
-0.059 0.48 0.555
-0.270 0.168 1.02
2.031 0.809 1.168
1.090 0.492 0.738
0.820 0.238 0.145
0.859 0.977 -0.539
0.766 0.359 -0.492
0.480 0.168 -0.508
0.824 0.02 0.082
1.223 0.469 0.512
1.668 -0.516 -0.406
0.523 0.559 -0.578
0.598 0.473 -1.172
0.766 0.02 -0.113
1.363 0.715 -0.477
0.949 0.238 0.156
0.777 0.555 -0.199
0.703 1.07 -0.645
0.637 0.785 -0.129
0.578 0.73 -0.227
0.660 0.777 -0.121
0.617 0.762 -0.0
0.648 0.797 -0.16
0.785 0.871 -0.242
0.586 0.812 -0.238
0.574 0.516 -0.578
0.617 0.387 -0.711
0.254 0.234 -0.934
-0.051 -0.148 -1.332
1.465 0.379 -0.332
0.680 0.371 -0.629
0.156 0.344 -0.793
0.551 0.422 -0.68
0.633 0.418 -0.652
0.566 0.391 -0.691
0.578 0.398 -0.695
0.551 0.43 -0.699
-1.043 0.461 -2.348
0.566 0.535 -0.801
0.551 0.398 -0.703
0.578 0.355 -0.699
0.148 0.277 -0.852
0.625 0.375 -0.695
0.590 0.367 -0.707
0.559 0.406 -0.715
0.504 0.41 -0.711
0.703 0.473 -0.637
0.582 0.309 -0.691
0.590 0.418 -0.668
0.637 0.355 -0.664
0.648 0.395 -0.672
.590 0.457 -0.711
0.102 0.762 -0.0
0.414 0.535 -0.785
0.441 0.66 -0.664
0.363 0.66 -0.734
0.199 0.715 -0.918
0.375 0.457 -0.719
0.301 0.531 -0.711
0.199 0.551 -0.645
0.238 0.645 -0.609
0.199 0.645 -0.59
0.504 0.809 -0.559
0.250 0.656 -0.477
0.488 0.777 -0.547
0.660 0.578 -0.5
1.312 0.426 -0.672
1.203 0.293 -0.582
0.855 0.016 -0.414
0.777 -0.195 -0.187
0.895 -0.16 -0.145
0.906 -0.34 -0.047
0.918 -0.504 0.02
0.590 -0.187 -0.27
0.410 -0.305 -0.297
0.766 -0.051 -0.395
0.855 -0.309 -0.453
0.992 -0.277 -0.223
0.922 0.184 -0.035
0.996 0.043 -0.055
0.977 -0.023 -0.125
0.977 0.062 -0.18
1.207 -0.121 -0.191
0.883 0.148 -0.223
0.719 0.348 -0.363
0.855 -0.176 -0.293
0.766 0.16 -0.441
0.906 0.027 -0.488
0.988 -0.375 -0.352
1.027 0.199 -0.18
0.926 0.172 -0.117
0.937 0.246 -0.207
0.918 0.297 -0.199
1.000 -0.809 0.109
0.883 0.012 -0.281
0.762 0.055 -0.332
0.578 0.098 -0.281
0.875 -0.219 -0.187
1.387 -0.605 0.195
0.977 0.059 -0.043
0.898 -0.164 -0.027
0.965 -0.715 -0.391
0.586 -0.453 -0.34
0.910 -0.605 -0.141
0.898 -0.398 -0.234
0.777 -0.516 -0.227
0.789 -0.586 -0.184
0.715 -0.602 -0.215
0.711 -0.641 -0.16
0.727 -0.66 -0.117
0.820 -0.602 -0.121
0.773 -0.609 -0.094
0.781 -0.527 -0.141
0.797 -0.727 -0.051
0.750 -0.535 -0.137
0.805 -0.437 -0.187
0.855 -0.48 -0.164
1.203 -0.211 -0.113
0.910 -0.109 -0.043
1.000 -0.32 0.039
1.031 -0.105 0.059
1.051 0.117 -0.062
1.020 0.141 -0.074
0.926 0.016 -0.129
0.992 -0.102 -0.219
0.781 -0.164 -0.156
1.027 -0.043 -0.289
0.809 -0.258 -0.238
1.078 0.023 -0.184
0.832 -0.109 -0.355
0.820 -0.18 -0.355
1.180 -0.09 -0.137
0.980 -0.031 -0.086
0.895 -0.125 -0.105
1.043 -0.02 -0.02
0.812 -0.156 -0.0
0.836 -0.391 -0.11
1.273 0.09 -0.25
0.785 -0.215 -0.312
0.871 -0.004 -0.16
0.914 -0.219 -0.16
0.926 -0.168 -0.215
0.973 -0.148 -0.164
0.945 -0.102 -0.191
0.953 -0.098 -0.195
0.961 -0.113 -0.187
0.961 -0.168 -0.195
0.961 -0.133 -0.172
0.945 -0.09 -0.184
0.945 -0.109 -0.184
0.941 -0.195 -0.18
0.965 -0.184 -0.176
0.949 -0.125 -0.168
0.906 -0.191 -0.129
0.859 -0.195 -0.094
0.766 -0.219 -0.129
0.812 -0.43 -0.094
0.773 -0.434 -0.102
0.703 -0.484 -0.137
0.844 -0.395 -0.121
0.852 -0.387 -0.242
0.969 -0.406 -0.371
0.848 -0.172 -0.434
1.039 -0.09 -0.496
1.000 -0.031 -0.59
0.699 0.113 -0.496
0.711 0.414 -0.473
0.676 0.496 -0.246
-0.105 0.617 -0.699
0.492 0.578 -0.516
0.836 0.23 -0.504
.691 0.402 -0.527
0.574 0.492 -0.602
0.742 0.41 -0.535
0.801 0.375 -0.484
0.773 0.262 -0.523
0.773 0.375 -0.5
0.770 0.309 -0.523
0.766 0.352 -0.516
0.762 0.332 -0.512
0.770 0.352 -0.508
0.766 0.344 -0.523
0.758 0.34 -0.516
0.762 0.34 -0.508
0.762 0.352 -0.527
0.762 0.344 -0.527
0.762 0.34 -0.527
0.758 0.336 -0.523
0.754 0.348 -0.523
0.766 0.355 -0.523
0.758 0.344 -0.523
0.758 0.348 -0.52
0.754 0.352 -0.527
0.754 0.344 -0.52
0.785 0.289 -0.516
0.824 0.297 -0.453
0.820 0.457 -0.5
0.645 0.641 -0.582
0.387 0.516 -0.734
0.582 0.312 -0.898
0.164 0.277 -0.672
0.617 0.465 -0.781
0.520 0.348 -0.566
0.668 0.328 -0.609
0.656 0.484 -0.707
1.336 0.48 -0.762
0.980 0.172 -0.543
0.848 -0.078 -0.504
0.754 -0.187 -0.281
0.852 -0.301 -0.227
0.828 -0.324 -0.242
0.867 -0.27 -0.234
0.992 -0.406 -0.125
0.680 -0.23 -0.211
0.723 -0.363 -0.066
0.770 -0.07 -0.125
0.859 -0.254 -0.117
0.969 -0.043 -0.164
0.937 0.062 -0.184
0.891 -0.242 -0.195
0.930 -0.121 -0.199
0.969 -0.062 -0.227
0.977 -0.121 -0.184
0.953 -0.074 -0.215
0.957 -0.07 -0.215
0.949 -0.09 -0.199
0.961 -0.074 -0.199
0.965 -0.152 -0.18
0.945 -0.094 -0.211
0.930 -0.113 -0.207
0.734 -0.348 -0.102
0.637 -0.117 -0.187
0.738 -0.27 -0.129
0.910 -0.496 -0.16
0.699 -0.336 -0.172
0.793 -0.398 -0.281
0.773 -0.367 -0.395
0.969 -0.215 -0.52
0.883 0.328 -0.473
1.043 0.504 -0.469
-0.133 0.508 -0.742
0.531 0.52 -0.457
0.637 0.559 -0.531
0.633 0.598 -0.445
0.672 0.547 -0.469
0.684 0.594 -0.465
0.695 0.559 -0.461
0.664 0.527 -0.52
0.832 0.305 -0.477
0.754 0.395 -0.441
0.789 0.371 -0.488
0.781 0.344 -0.48
0.770 0.336 -0.496
0.777 0.352 -0.484
0.781 0.363 -0.484
0.777 0.359 -0.492
0.762 0.359 -0.496
0.766 0.359 -0.5
0.758 0.359 -0.504
0.770 0.363 -0.504
0.766 0.375 -0.496
0.730 0.391 -0.512
0.762 0.445 -0.504
0.840 0.258 -0.469
0.824 0.305 -0.473
0.871 0.301 -0.48
0.730 0.508 -0.57
0.492 0.645 -0.723
0.469 0.355 -0.777
0.027 0.445 -0.918
0.465 0.355 -0.797
0.590 0.367 -0.887
0.555 0.109 -0.77
0.504 0.344 -0.805
0.582 0.172 -0.477
1.516 0.187 -0.785
1.102 0.16 -0.605
0.965 -0.055 -0.43
0.730 -0.23 -0.297
0.855 -0.293 -0.246
0.848 -0.289 -0.258
0.848 -0.262 -0.2
0.895 -0.332 -0.195
0.785 -0.266 -0.137
0.797 -0.113 -0.047
0.855 -0.141 -0.078
0.930 -0.082 -0.105
0.922 -0.105 -0.121
0.918 -0.172 -0.176
0.930 -0.082 -0.203
0.969 -0.066 -0.215
0.953 -0.086 -0.191
0.965 -0.043 -0.23
0.961 -0.055 -0.215
0.965 -0.066 -0.207
0.961 -0.098 -0.199
0.953 -0.039 -0.227
0.934 -0.109 -0.195
0.832 -0.172 -0.152
0.797 -0.121 -0.09
0.652 -0.172 -0.137
0.855 -0.168 -0.16
0.859 -0.281 -0.164
0.801 -0.426 -0.176
0.855 -0.328 -0.25
0.695 -0.145 -0.277
0.875 -0.305 -0.359
0.848 -0.195 -0.516
0.852 0.059 -0.637
0.668 0.266 -0.441
0.742 0.305 -0.391
2.777 1.723 -1.348
1.004 0.531 -0.355
0.773 0.637 -0.379
0.707 0.578 -0.477
0.707 0.566 -0.422
0.691 0.559 -0.457
0.758 0.469 -0.441
0.781 0.406 -0.445
0.781 0.375 -0.469
0.766 0.352 -0.488
0.762 0.387 -0.492
0.758 0.363 -0.508
.758 0.387 -0.504
0.750 0.293 -0.508
0.754 0.363 -0.504
0.758 0.387 -0.492
0.793 0.336 -0.469
0.715 0.465 -0.523
0.727 0.449 -0.531
0.762 0.277 -0.492
0.762 0.441 -0.512
0.746 0.375 -0.5
0.773 0.352 -0.543
0.758 0.395 -0.504
0.750 0.32 -0.539
0.758 0.332 -0.527
0.758 0.332 -0.527
0.793 0.277 -0.531
0.734 0.363 -0.539
0.801 0.309 -0.516
1.113 0.461 -0.516
1.043 0.445 -0.629
0.465 0.43 -0.738
