0.18237024579878067
0.25779315372228784
0.325672370108282
0.38701419159955674
0.4415532900004543
0.4933534932744555
0.5392890467422539
0.5801842230935482
0.6193467759277265
0.6542060765314229
0.6872312667916546
0.7117127492735837
0.7334011079017853
0.7575300802350948
0.7738285470416746
0.8021912777847752
0.841763429750107
0.8484667915557467
0.8483680532384164
0.8488230762490541
0.8662825269576754
0.911925465564936
0.9251644463251626
0.9409405426887502
0.9373259785455456
0.9883268662611028
1.0212952670057684
1.0119693799466412
1.0116457671320431
1.0044167032505384
0.9974052953544178
0.9891924453062142
0.960374082024122
0.981735923728381
1.0058440231888712
1.0110128642674594
0.9883663828291166
0.9679512309325087
0.9678739680344606
0.997335960176753
1.0344545477458615
1.0433348434780454
1.024547364647346
1.0172489009392578
1.0125980499778366
1.002034491501433
1.0124924121027452
1.0036350788707205
1.0035817402251686
0.9942696971333436
0.9955736254757795
0.995640221145156
1.0001598301546124
1.004238340569019
0.9985591720834843
0.9940577681881545
0.9764798182138926
0.9585903305004705
0.9653588060477916
0.9551198528428247
0.9934884702182241
0.9963919050014242
1.025393222826672
1.0051337567170557
1.0107032037806023
1.0396442011612792
1.0510644095216237
1.0683011696803981
1.0725342872308439
1.081960783267983
1.0838145330515012
1.0574075077642981
1.117047232883266
1.1062185171997898
1.0973810107692765
1.0934807865280265
1.0845354794479918
1.0747277447749246
1.0702504895548488
1.0638561265200026
1.0597730330593749
1.0577800027904432
1.051055451718103
1.0505989939491671
1.0507488235232694
1.154967482142496
1.1415509136927116
1.1227752107789564
1.0951834766195723
1.101280391737099
1.0876080698585389
1.0954933545153827
1.0951506321225828
1.114893136282546
1.1349217805715688
1.0842419372223369
1.0484739856709762
1.0432330228790665
1.073511419872383
1.113128066901511
1.1465106470235658
1.1342918381689269
1.116855577498667
1.1106619265328945
1.1104620560089844
1.1040191257317162
1.0661613369816385
1.0293824455108271
0.9986959417548907
0.9797082768341784
0.9697400738529569
0.9760652128107172
0.9828895751033457
0.9862077076126211
0.992999637947447
0.9921942837674359
1.000270978623055
0.9998537692972395
1.0002521564550586
0.9984433274799333
0.9990018413279503
0.99689823601565
0.996109638095599
0.9988156458566824
1.015923888818171
1.0187930883279748
1.0107650150718857
1.0030896802479925
0.9987436369601191
1.0046056901819702
1.0000025999557351
0.999124029598671
1.007191337971491
1.0092590714107896
1.0097341193013891
1.0094151648942342
1.0017216464346332
1.0076374240850419
1.0098135682037634
1.0139638548587047
1.0034686963888357
0.994349473072485
0.9951711809611321
0.9943554144130964
0.998598582096108
1.0006308451713133
1.0113826186125792
1.017689814046323
1.0041231652330433
1.0190667375224711
1.0082030852291028
1.0069024292807511
0.9987495540921664
0.9803415847738741
0.9828088510197073
0.9826345864762264
0.9892685224096579
0.9905529050186789
0.9976202317440126
0.9952935982211155
0.9974128546726878
0.9937395762510266
0.9957412818101311
1.0457939354012522
1.0517332144971137
1.0535744622900085
1.0340521425921951
1.0403654503030677
1.0432264767573085
1.0383968884110517
1.0311950558579186
1.0324589237887836
1.0358522907080205
1.0406941263447835
1.0439656191194535
1.0428499949276913
1.042022851824909
1.0389861701475274
1.033859148068048
1.0267468509697038
1.02909697487654
1.0286741764197607
1.0231554308067687
1.0196505227524242
1.0210694665763496
1.0239458206693965
1.022502378250238
1.0208164049885682
1.0218990958369352
1.0210154360293098
1.029729259515628
1.0295040243919458
1.0297648838954918
1.0338809303187977
1.0389107863142815
1.0450154771239517
1.049038818668013
1.0627588502410945
1.0494896536379186
1.0345558716920586
1.0357438379993973
1.040992517214063
1.0404644739771536
1.0280206413438349
1.0090063873168158
1.0108246952433797
1.0048977078366828
1.001356376442821
0.9927938077782931
0.9923203657645403
1.0082945883757921
1.0137514174963085
1.005818035419586
1.0020323317691997
1.019914104325961
1.0174848061483566
1.0218204583712276
1.0325061022531938
1.030235245192435
1.026069450113425
1.0266494999930489
1.0236276161660067
1.0255643398515788
1.02347514201351
1.078480046460316
1.0804437196551442
1.058091994414619
1.0545152012801076
1.043353749700656
1.0345557184914418
1.0231959498077723
1.0301094762543146
1.0303125208008805
1.0288747836839987
1.0528371868024378
1.0436599992457078
1.031737197317556
1.0261390629374534
1.0321595904689869
1.0300797574764702
1.0213838178667813
0.9908801322932682
0.986443383837313
0.9716781754720949
0.9759978222130804
0.9742201960648624
0.9884649074530562
1.0178414986641455
1.015445842772437
1.0021833055808653
1.0111698203149169
1.018638242040426
1.0217164433145578
1.0450969013533493
1.0299476279165807
1.0402140602633627
1.0379836078008198
1.032664027370564
1.0377352120538865
1.0445079733721965
1.0606074509370924
1.0485669701751439
1.0456738226055828
1.0295870361973392
1.0220383634706496
1.0126249807926748
1.018681819146707
1.0205517166428513
1.025527096360259
1.0296932891035548
1.0261717726882689
1.0230947518698061
1.0248313815167585
1.0213365615289371
1.0205340346075935
1.0201782479578179
1.0199239929365989
1.019014655766116
1.017675625062352
1.0171468124008398
1.0167597777535482
1.0162333290713936
1.0155970594528598
1.0155447517430929
1.0149467109217094
1.0150459092919315
1.0145759384508557
1.014836881598956
1.0143189139237743
1.0134717851590962
1.0138777702245063
1.013343156913654
1.0144902347310025
1.01277876793596
1.0102866448920482
1.0073234652826069
1.0028181125163433
0.9951226241663267
0.9790843875598424
0.9774112584655845
0.9421131044463216
0.891145387336498
0.904899915978339
1.0072614379801013
1.0059896587189248
1.154033081433969
1.1812031326154897
1.1454766569634474
1.137994641947982
1.143498874191071
1.1374057345216066
1.1185138073167271
1.1008612773677677
1.074727843852779
1.0561073915153478
1.0439797281207648
1.045380182572876
1.0484948575390876
1.0470447306314439
1.041015315412797
1.0358437911492575
1.034950008605101
1.0239048566969107
1.0314459845157127
1.026737438561659
1.0337746879849647
1.0317496152399495
1.028347368090927
1.0282186835417184
1.026408845770681
1.0243226789462971
1.025704654540979
1.0280609570581072
1.0285632768137072
1.0293203010929977
1.0281341465595153
1.0309150634424713
1.0330205939109323
1.0349832563260417
1.026721343845673
1.0303184362553444
1.0096925109559813
0.9932735949402859
1.0069457939393764
1.0115479813856856
1.0046554068792395
0.9972121423406464
0.9930497450548288
0.9924830493488198
0.9964216280018596
0.9944392353402745
0.9940243270970405
1.040142335276494
1.057209421826309
1.0541208884333226
1.0571264983356459
1.0579731260208547
1.0478101341455401
1.0235645025985847
1.005588187999027
0.9986567871379197
0.9945610988158097
1.02681964020425
1.0077224801867517
1.0274666699894475
1.0206838552503408
1.02304496877128
1.0183370109197085
1.0124751356833566
1.0307772298059368
1.0287079253547189
1.0290026681127096
1.0545901002382256
1.040931511104892
1.0341930237831347
1.0344455734384708
1.03142817707809
1.0258818865871275
1.0152934059006304
0.9960574895904132
0.9942145655141302
0.960416618232948
0.9320816383774889
0.8914674588757915
0.9654247759973414
1.0862468000442098
1.1613115165458199
1.1186198305811799
1.0685504365243912
1.0428622404449768
1.0547771178626322
1.0545373116332268
1.027779192441438
1.0123481638514693
1.0052781957400367
1.005595095701546
1.0044741156628278
0.9953059568626899
0.9946703905296992
1.0007149627804155
1.0008743256731092
1.0003232090254395
1.0007650143779954
0.9982624555587051
1.0065882613662243
1.0095109809536604
1.0130940451831103
1.0105937859066885
1.0128978694379376
1.0264296049799966
1.0524839862217665
1.0474930402432694
1.0525946630914864
1.0381367388787195
