0.594 0.84 0.203
0.562 0.852 0.258
0.477 0.852 0.266
0.543 0.812 0.234
0.418 0.875 0.246
0.363 0.867 0.301
0.340 0.918 0.254
0.359 0.891 0.273
0.305 0.898 0.281
0.301 0.93 0.258
0.289 0.934 0.223
0.320 0.934 0.246
0.250 0.891 0.242
0.254 0.906 0.133
0.254 0.961 0.098
0.227 0.859 0.297
0.371 1.02 0.031
0.246 1.137 0.422
.184 0.891 0.102
0.066 0.723 0.437
0.254 0.789 0.203
-0.074 1.035 -0.082
0.367 1.059 0.785
0.281 0.848 0.566
-0.355 0.988 -0.324
-0.074 0.887 0.141
-0.527 1.391 -0.18
-0.117 1.184 0.64
-0.090 0.648 0.645
0.012 0.711 0.715
0.309 0.707 0.523
0.125 0.43 0.812
.211 0.562 0.68
-0.016 0.672 0.0
-0.176 0.914 0.75
-0.281 1.145 0.406
-0.023 1.062 0.031
.187 0.695 -0.25
0.055 0.477 -0.594
0.082 0.465 -0.844
0.125 0.375 -1.23
0.055 0.48 -1.32
0.066 0.352 -1.074
0.426 0.297 -0.656
0.391 0.477 -0.715
0.250 0.59 -0.723
.355 0.441 -0.695
0.133 0.504 -0.988
0.215 0.363 -0.812
0.109 -0.047 -0.996
0.230 0.023 -0.871
0.238 -0.016 -0.98
0.387 -0.324 -0.859
0.184 -0.207 -1.008
0.207 -0.203 -1.004
0.191 -0.266 -0.883
0.082 -0.242 -0.914
-0.043 -0.266 -0.754
0.070 -0.375 -0.68
-0.129 -0.367 -0.957
0.043 -0.23 -0.82
0.000 -0.223 -1.359
-0.109 -0.543 -0.863
-0.586 -0.867 -0.797
-0.254 -0.687 -0.328
-0.320 -0.602 -0.82
-0.687 -1.02 -0.504
-1.129 -0.129 -0.258
-0.859 -0.633 0.633
-1.020 -0.266 -0.363
-0.887 -0.437 -0.637
-0.926 -0.098 -0.59
-0.758 -0.234 -0.008
-1.246 -1.176 0.02
-0.859 -0.469 0.195
-0.918 -0.387 0.16
-0.887 -0.57 0.016
-0.867 -0.48 -0.09
-0.789 -0.574 -0.043
-0.855 -0.504 -0.258
-0.770 -0.211 -0.602
-0.793 -0.137 -0.625
-0.730 -0.074 -0.734
-0.484 0.051 -0.855
-0.738 -0.07 -0.738
-0.898 -0.258 -0.484
-0.859 1.078 -1.711
-0.824 -0.293 -0.5
-0.805 -0.145 -0.453
-0.520 -0.219 -0.594
-1.094 -0.238 -0.312
-0.910 -0.191 -0.199
-0.883 -0.738 -0.234
-0.684 -0.848 -0.07
-1.187 -0.559 -0.027
-1.230 -0.5 -0.141
-0.414 -0.309 -0.258
-0.562 -0.172 -0.363
-0.961 0.211 -0.117
-1.258 -0.285 -0.48
-1.301 -0.387 -0.66
-1.320 -0.09 -0.664
0.883 0.051 -0.492
-0.836 0.246 -0.359
-0.977 0.336 -0.18
-1.023 0.371 -0.211
-0.965 0.371 -0.109
-0.613 0.309 -0.039
-0.641 0.16 -0.035
-0.582 0.359 -0.105
-0.613 0.473 -0.156
-0.844 -0.117 -0.176
-0.887 0.523 -0.141
-0.984 0.34 -0.145
-0.941 0.363 -0.148
-0.957 0.426 -0.168
-0.840 0.418 -0.297
-0.965 0.117 -0.473
-0.906 0.355 -0.211
-0.984 0.195 -0.047
-0.918 0.336 -0.074
-0.977 0.195 -0.129
-0.957 0.137 -0.133
-0.965 0.145 -0.156
-1.016 0.086 -0.113
-1.156 0.258 -0.078
-0.988 0.309 -0.16
-0.863 0.246 -0.246
-0.871 0.223 -0.223
-0.906 0.113 -0.281
-1.023 0.02 -0.289
-0.922 0.203 -0.137
-0.957 0.195 -0.164
-1.078 0.121 -0.082
-1.012 0.012 -0.191
-0.973 0.207 -0.199
-0.984 0.055 -0.203
-0.863 0.25 -0.219
-0.992 0.312 -0.238
-0.969 0.281 -0.215
-1.016 0.023 -0.285
-0.863 0.008 -0.25
-0.840 0.227 -0.242
-0.926 0.344 -0.176
-0.969 0.035 -0.18
-1.016 0.172 -0.148
-1.004 0.129 -0.133
-1.113 0.02 -0.113
-1.039 0.27 -0.125
-0.820 0.219 -0.184
-1.125 0.242 -0.203
-0.848 0.16 -0.254
-0.945 0.148 -0.27
-0.867 0.078 -0.289
-0.660 0.332 -0.297
-0.937 0.355 -0.105
-0.961 0.102 -0.168
-1.000 0.328 -0.082
-0.992 0.121 -0.09
-1.051 0.125 -0.145
-0.906 0.305 -0.176
-0.980 0.129 -0.246
-0.875 0.309 -0.234
-0.977 0.156 -0.23
-1.375 0.699 0.109
-1.086 0.223 0.074
-0.992 0.406 0.016
-0.793 0.273 -0.016
-0.988 0.406 -0.277
-1.012 0.297 -0.191
-0.766 0.57 -0.262
-0.648 0.66 -0.254
-0.582 0.824 -0.273
-0.633 0.832 -0.227
-0.625 0.855 -0.254
-0.562 0.879 -0.266
-0.570 0.824 -0.246
-0.520 0.871 -0.199
-0.508 0.855 -0.168
-0.461 0.848 -0.184
-0.496 0.801 -0.16
-0.535 0.887 -0.187
-0.520 0.859 -0.203
-0.469 0.824 -0.195
-0.484 0.84 -0.172
-0.504 0.887 -0.176
-0.594 0.855 -0.156
-0.531 0.844 -0.148
-0.512 0.852 -0.141
-0.547 0.867 -0.125
-0.531 0.852 -0.129
-0.613 0.93 -0.082
-0.562 0.859 -0.039
-0.547 0.875 -0.031
-0.613 0.883 -0.016
-0.578 0.922 -0.047
-0.633 0.906 -0.043
-0.687 0.844 -0.047
-0.750 0.891 -0.289
-0.582 0.613 -0.355
-0.773 0.301 -0.309
-0.957 0.379 -0.195
-0.906 0.605 0.094
-0.941 0.43 -0.035
-0.867 0.254 0.016
-0.777 -0.203 -0.16
-0.699 0.684 -0.32
-0.918 0.172 -0.148
-0.859 0.426 -0.117
.871 0.203 -0.152
-0.953 0.051 -0.254
-1.137 0.105 -0.246
-0.949 0.441 -0.215
-0.840 0.383 -0.078
-0.953 -0.02 -0.145
-1.195 0.047 -0.082
-0.965 0.074 -0.223
-1.035 0.164 -0.191
-1.121 0.059 -0.195
-0.941 -0.23 -0.277
-0.859 0.449 -0.172
-1.000 0.207 -0.152
-0.957 -0.016 -0.266
-1.020 0.109 -0.199
-0.961 0.164 -0.234
-1.457 0.727 -0.027
-1.062 0.262 -0.117
-0.711 0.395 -0.187
-0.977 0.281 -0.066
-0.887 0.285 -0.012
-0.930 0.172 0.039
-0.844 0.133 -0.312
-1.027 0.027 -0.391
-0.980 0.316 0.074
0.953 0.336 -0.09
-1.250 0.316 -0.09
-0.941 0.141 0.027
-0.828 0.383 -0.02
-0.957 0.141 -0.074
-1.016 0.398 0.051
-0.992 0.184 0.027
-0.852 0.301 -0.238
-0.531 0.254 -0.352
-0.891 0.301 -0.055
-0.793 0.047 -0.219
-0.844 0.57 -0.039
-0.949 0.09 0.078
-1.043 0.437 0.012
-1.113 0.684 0.117
-0.949 0.207 -0.199
-0.867 0.059 0.031
-0.531 0.566 -0.781
-0.777 0.66 -0.395
-0.914 0.266 -0.449
-1.176 0.422 -0.273
-0.867 0.137 -0.035
-1.133 -0.051 0.141
-1.012 0.008 0.086
-0.934 0.289 0.059
-0.980 0.469 0.066
-0.922 0.578 -0.23
-1.164 0.254 -0.27
-0.867 0.086 -0.32
-0.969 0.27 -0.148
-0.734 0.414 -0.211
-0.930 0.082 -0.156
-0.883 0.199 -0.156
-1.070 0.141 -0.0
-1.027 0.047 -0.152
-1.008 0.367 -0.074
-0.957 0.457 -0.152
-0.961 0.125 -0.207
-0.914 0.344 -0.176
-1.016 0.172 -0.156
-0.953 0.207 -0.148
-0.973 0.242 -0.141
-0.973 0.242 -0.168
-0.984 0.203 -0.16
-0.969 0.238 -0.156
-0.957 0.254 -0.168
-0.973 0.227 -0.16
-0.980 0.203 -0.156
-0.973 0.223 -0.16
-0.973 0.215 -0.16
-0.973 0.238 -0.164
-0.965 0.242 -0.168
-0.973 0.25 -0.152
-0.973 0.215 -0.164
-0.973 0.258 -0.148
-0.973 0.223 -0.148
-0.969 0.219 -0.152
-0.977 0.242 -0.152
-0.973 0.215 -0.152
-0.984 0.234 -0.172
-0.949 0.215 -0.211
-0.922 0.219 -0.27
-0.906 0.246 -0.273
-0.902 0.203 -0.25
-0.852 0.242 -0.242
-0.750 0.258 -0.203
-0.945 0.141 -0.1
-0.562 0.016 -0.176
-0.293 0.238 -0.055
-0.336 0.664 0.73
-1.270 -1.582 0.094
-0.574 -0.148 0.797
-0.223 -0.008 2.625
0.098 -0.301 1.418
0.457 -0.43 0.477
0.082 -1.004 0.34
0.488 -1.094 -0.039
0.379 -0.98 -0.234
0.355 -0.789 -0.34
0.176 -0.73 -0.539
0.066 -0.602 -0.543
-0.039 -0.527 -0.691
0.012 -0.734 -0.559
0.086 -0.93 -0.5
0.199 -1.0 -0.355
0.148 -0.949 -0.379
.129 -0.887 -0.398
0.117 -0.926 -0.312
0.117 -0.984 -0.266
0.102 -0.832 -0.363
0.109 -1.086 -0.184
-0.059 -0.941 -0.266
-0.152 -1.086 -0.129
-0.207 -0.98 -0.141
-0.223 -0.957 -0.152
-0.277 -0.984 -0.098
-0.320 -0.949 -0.117
-0.363 -0.926 -0.133
-0.531 -0.887 -0.109
-0.535 -0.902 -0.078
-0.684 -0.766 -0.117
-0.758 -0.707 -0.027
-0.848 -0.559 -0.035
-0.996 -0.359 0.0
-0.996 -0.332 0.094
-1.035 -0.129 0.156
-0.918 -0.086 0.203
-1.027 -0.16 0.238
-0.645 0.418 0.234
-0.734 0.215 0.32
-0.926 0.434 0.512
-0.898 0.395 0.395
-0.770 0.441 0.297
-0.895 0.129 0.184
-0.871 0.367 0.109
-0.949 0.242 0.121
-1.020 0.176 0.039
-0.965 0.133 0.031
-0.973 0.168 -0.07
-1.422 0.477 0.066
-1.164 0.387 -0.055
-0.977 0.219 -0.211
-1.035 0.215 -0.254
-0.891 0.586 0.004
-0.766 0.551 0.07
-0.703 0.336 -0.055
-0.727 0.367 -0.137
-0.871 0.246 -0.211
-0.918 0.109 -0.234
-1.035 0.863 -0.07
-0.785 0.141 -0.176
-1.180 0.324 0.055
-0.926 0.223 -0.027
-0.980 0.367 0.02
0.926 0.293 0.004
-0.855 0.316 -0.281
-1.184 0.191 -0.187
-0.961 0.082 -0.293
-1.000 0.195 -0.164
-1.258 0.367 0.008
-0.844 0.176 -0.273
-0.945 0.082 -0.187
-1.008 0.051 -0.238
-0.965 0.121 -0.238
-0.922 0.102 -0.285
-0.828 0.184 -0.328
-0.699 0.117 -0.379
-0.957 0.082 -0.172
-0.582 0.16 -0.152
-0.551 0.336 -0.066
-0.156 -0.098 0.449
-1.391 0.484 0.859
-1.375 -0.465 1.777
0.039 -0.559 1.828
0.348 -0.25 0.543
0.445 -0.094 0.34
0.145 -0.754 0.168
-0.137 -1.137 -0.258
0.250 -1.004 -0.191
0.184 -0.621 -0.398
0.062 -0.648 -0.559
0.070 -0.789 -0.496
0.168 -0.895 -0.434
0.187 -0.887 -0.406
0.098 -0.793 -0.422
