-0.62 0.11 -0.79
-0.62 0.11 -0.78
-0.62 0.11 -0.79
-0.64 0.11 -0.79
-0.62 0.11 -0.78
-0.62 0.11 -0.78
-0.63 0.12 -0.79
-0.62 0.12 -0.79
-0.62 0.11 -0.79
-0.62 0.11 -0.78
-0.62 0.11 -0.79
-0.62 0.11 -0.78
-0.62 0.11 -0.79
-0.62 0.11 -0.79
-0.62 0.11 -0.79
-0.62 0.11 -0.79
-0.63 0.11 -0.79
-0.62 0.12 -0.79
-0.62 0.11 -0.79
-0.62 0.11 -0.79
-0.63 0.11 -0.79
-0.62 0.12 -0.78
-0.62 0.12 -0.79
-0.62 0.11 -0.79
-0.62 0.11 -0.79
-0.62 0.11 -0.78
-0.62 0.12 -0.79
-0.63 0.11 -0.79
-0.62 0.11 -0.79
-0.62 0.11 -0.79
-0.63 0.12 -0.78
-0.62 0.12 -0.78
-0.62 0.12 -0.8
-0.62 0.12 -0.8
-0.63 0.11 -0.79
-0.62 0.11 -0.79
-0.62 0.12 -0.79
-0.62 0.11 -0.77
-0.62 0.11 -0.78
-0.62 0.11 -0.79
-0.63 0.11 -0.78
-0.63 0.11 -0.78
-0.64 0.11 -0.79
-0.62 0.11 -0.79
-0.62 0.11 -0.79
-0.62 0.11 -0.79
-0.63 0.11 -0.79
-0.62 0.11 -0.79
-0.62 0.12 -0.78
-0.62 0.11 -0.78
-0.62 0.12 -0.79
-0.62 0.11 -0.79
-0.62 0.11 -0.79
-0.62 0.11 -0.79
-0.62 0.11 -0.79
-0.62 0.11 -0.79
-0.62 0.11 -0.79
-0.62 0.11 -0.78
-0.62 0.11 -0.79
-0.59 0.11 -0.75
-0.63 0.12 -0.83
-0.62 0.11 -0.78
-0.84 0.18 -0.6
-0.66 0.13 -0.7
0.62 0.12 -0.0
-0.64 0.13 -0.77
-0.84 0.22 -1.3
0.18 -0.08 -0.84
1.34 -0.7 0.38
0.62 -0.12 0.86
0.88 0.9 1.75
1.01 0.34 -0.14
-6.73 8.0 -0.33
-1.49 -0.42 0.04
-0.04 -0.2 1.11
0.34 -0.02 0.46
-0.09 0.94 2.64
-1.41 -1.48 -0.73
-0.21 -0.48 -0.76
1.14 0.56 0.21
0.99 0.11 -0.28
0.92 0.05 -0.38
0.93 0.06 -0.43
0.91 0.06 -0.39
0.90 -0.07 -0.61
0.70 0.09 -0.37
0.80 0.59 -0.49
-3.51 1.41 1.5
0.23 0.8 0.2
0.18 0.86 0.46
0.13 0.86 0.47
0.12 0.85 0.48
0.12 0.86 0.48
0.12 0.84 0.5
0.12 0.85 0.5
0.12 0.84 0.49
0.13 0.84 0.5
0.12 0.84 0.5
0.12 0.85 0.49
0.11 0.84 0.48
0.14 0.81 0.52
0.11 0.81 0.49
0.15 0.82 0.52
0.64 0.68 0.64
0.58 0.65 0.66
1.02 0.89 0.47
0.70 -0.05 0.82
0.92 0.66 0.81
0.90 1.43 1.46
0.61 0.61 1.46
0.41 -0.55 0.16
0.95 -1.33 -0.82
0.46 -1.24 -1.14
0.64 -0.94 -0.37
0.51 -0.76 0.83
-1.54 0.08 -2.79
-0.01 -0.04 -0.01
-0.01 -0.02 0.0
0.01 0.19 0.23
0.01 -0.11 0.27
-0.02 -0.1 -0.04
-0.00 0.01 -0.03
-0.02 -0.02 -0.05
-0.45 0.02 -0.52
-0.43 0.07 -0.64
-0.39 0.09 -0.88
0.28 0.13 -1.09
-0.91 -0.23 -1.03
0.24 -0.13 -1.43
0.47 0.3 -0.65
0.88 -0.6 -1.11
0.11 -0.09 -0.67
0.22 -0.2 -0.55
0.29 -0.35 -0.09
0.61 -0.01 0.37
0.93 0.73 0.62
0.79 0.28 0.41
0.76 -0.03 0.38
0.84 0.32 0.46
0.61 -0.11 0.59
0.68 -0.23 0.3
0.57 -0.66 0.07
2.83 -6.35 1.64
0.69 -0.53 0.92
0.46 -0.53 0.49
0.67 -0.63 0.64
0.61 -0.5 0.39
0.71 -0.53 0.44
0.69 -0.65 0.46
0.66 -0.45 0.28
0.80 -0.86 0.04
0.88 -0.43 -0.37
0.53 -0.4 -0.62
0.67 -0.34 -0.7
0.61 -0.36 -0.77
0.64 -0.22 -0.71
0.68 -0.25 -0.81
0.67 -0.11 -0.78
0.57 -0.12 -0.7
0.66 -0.13 -0.68
0.61 -0.15 -0.64
0.59 -0.13 -0.62
0.55 -0.1 -0.86
0.59 -0.18 -0.97
0.71 -0.29 -1.11
0.50 -0.32 -0.57
0.46 -0.25 -0.79
0.47 -0.3 -0.69
0.60 -0.39 -0.74
0.71 -0.02 -0.99
0.31 0.26 -0.75
0.71 0.2 -0.9
0.58 -0.17 -0.73
0.39 -0.19 -0.73
0.39 0.05 -0.88
0.39 0.0 -0.86
0.35 0.02 -0.87
0.45 -0.18 -0.9
0.30 -0.18 -0.95
0.29 0.0 -1.07
0.37 -0.05 -1.15
0.41 -0.1 -1.19
0.51 0.21 -1.64
0.20 0.29 -1.23
0.06 0.6 -1.05
-0.38 0.41 -0.2
-0.45 0.37 -0.23
0.92 0.47 0.2
-0.66 0.38 -0.01
-0.45 0.48 -0.3
0.82 0.44 0.28
-0.83 0.43 0.14
-0.89 0.42 0.24
-0.89 0.35 0.24
-1.02 0.34 0.23
-0.84 0.37 0.25
-0.97 0.3 0.16
-0.95 0.3 0.24
-0.92 0.29 0.16
-0.92 0.3 0.21
-0.92 0.32 0.16
-0.95 0.29 0.17
-0.95 0.28 0.2
-0.97 0.29 0.14
-0.95 0.27 0.18
-0.92 0.3 0.16
-0.95 0.28 0.16
-0.92 0.25 0.17
0.00 0.09 0.02
-0.02 0.03 0.0
0.00 0.02 0.01
0.01 0.02 -0.01
-0.21 -1.28 1.19
0.91 0.1 0.7
0.65 0.13 0.64
0.68 0.18 0.61
0.70 0.25 0.66
0.69 0.23 0.64
0.67 0.23 0.64
0.68 0.22 0.65
0.66 0.22 0.66
0.66 0.23 0.66
0.66 0.23 0.65
0.65 0.23 0.67
0.64 0.22 0.68
0.65 0.23 0.67
0.64 0.22 0.68
0.66 0.21 0.66
0.64 0.23 0.68
0.68 0.24 0.62
0.64 0.2 0.71
0.67 0.29 0.64
0.63 0.25 0.71
0.55 0.32 0.73
0.60 0.25 0.73
0.55 0.29 0.7
0.55 0.32 0.72
0.54 0.25 0.75
0.58 0.23 0.78
0.73 0.17 0.9
1.01 0.19 1.42
0.73 0.23 1.17
0.55 0.34 0.84
0.35 -0.06 0.61
0.66 -0.41 0.5
0.33 0.13 0.4
0.24 0.48 0.19
0.73 0.23 0.5
0.78 0.2 0.57
0.77 0.18 0.46
-0.00 0.01 -0.03
-0.00 0.02 0.0
-0.01 0.02 0.04
-0.04 0.02 0.04
1.26 0.62 0.01
0.34 1.0 0.18
0.25 0.58 -0.53
0.53 0.28 -0.8
0.57 0.24 -0.79
0.58 0.25 -0.78
0.59 0.25 -0.77
0.59 0.25 -0.78
0.58 0.25 -0.77
0.59 0.25 -0.78
0.59 0.25 -0.77
0.60 0.25 -0.77
0.59 0.25 -0.77
0.61 0.26 -0.77
0.59 0.26 -0.77
0.59 0.26 -0.77
0.63 0.25 -0.73
0.59 0.26 -0.77
0.59 0.28 -0.78
0.64 0.25 -0.73
0.62 0.22 -0.74
0.73 0.14 -0.66
0.75 0.21 -0.65
0.73 0.26 -0.67
0.60 0.21 -0.77
0.59 0.19 -0.77
0.66 0.19 -0.72
0.84 0.22 -0.7
0.70 0.21 -0.69
0.68 0.16 -0.68
0.66 0.23 -0.65
0.77 0.16 -0.83
0.88 0.03 -1.55
1.13 0.3 -1.52
-0.51 -0.25 -0.54
-0.20 0.05 -0.82
0.13 0.37 -0.61
-0.28 0.37 -0.75
-0.13 0.47 -0.94
-0.23 0.36 -0.81
-0.18 0.34 -0.94
-0.05 0.27 -0.9
0.02 0.34 -0.88
-0.00 0.01 -0.03
0.01 0.0 -0.04
0.03 0.02 -0.05
8.00 -7.89 3.01
-1.26 1.14 -0.16
-0.56 0.13 -0.83
-0.54 0.14 -0.83
-0.54 0.13 -0.84
-0.52 0.14 -0.85
-0.51 0.13 -0.85
-0.46 0.17 -0.89
-0.49 0.18 -0.84
-0.45 0.25 -0.89
-0.45 0.33 -0.84
-0.38 0.2 -0.91
-0.49 0.18 -0.89
-0.46 0.21 -0.85
-0.43 0.27 -0.95
-0.46 0.19 -0.89
-0.44 0.22 -1.0
-0.46 0.32 -1.16
-0.75 0.12 -1.5
-0.64 0.28 -1.26
-0.50 0.04 -0.89
-0.77 -0.22 -0.47
-0.41 -0.27 -1.02
0.25 0.21 0.12
-1.18 -0.56 0.05
-0.51 0.45 -0.59
-1.09 0.25 -0.23
-0.91 0.36 -0.64
-0.89 0.14 -0.37
-0.91 0.13 -0.46
-0.47 0.16 -0.35
0.00 0.02 0.04
-0.01 -0.01 0.08
0.54 0.19 1.45
-0.52 0.11 1.08
-0.07 0.17 0.84
0.00 0.23 0.91
-0.03 0.23 0.92
-0.02 0.23 0.91
-0.02 0.22 0.92
-0.03 0.22 0.93
-0.03 0.22 0.92
-0.03 0.24 0.92
-0.05 0.24 0.91
-0.02 0.24 0.93
-0.06 0.2 0.92
-0.28 0.26 0.7
-0.07 0.28 0.91
-0.03 0.29 0.91
-0.04 0.3 0.88
-0.04 0.25 0.92
-0.02 0.25 0.92
-0.01 0.26 0.91
0.08 0.23 0.93
-0.01 0.24 0.91
-0.00 0.23 0.9
0.04 0.34 1.05
0.19 0.58 1.19
-0.29 0.21 0.3
-1.14 -0.29 -0.43
-1.13 -0.34 -0.25
-4.61 -3.07 -1.81
0.04 0.0 -0.01
0.01 0.0 -0.01
0.00 0.01 -0.01
0.01 0.01 -0.01
0.00 0.03 -0.01
-0.03 0.02 0.0
-0.05 0.02 0.07
-0.72 3.28 -1.55
0.20 0.37 -0.32
0.06 1.07 -0.49
0.15 1.22 -0.53
0.14 0.74 -0.39
0.11 0.85 -0.37
0.18 1.06 -0.51
0.17 0.85 -0.49
0.17 0.85 -0.47
0.23 0.9 -0.47
0.30 0.79 -0.6
0.29 0.77 -0.54
0.35 0.78 -0.6
0.25 0.73 -0.66
0.39 0.64 -0.54
0.39 0.49 -0.64
0.66 0.11 -0.9
1.03 -0.35 -0.72
-1.37 0.7 -1.03
0.62 0.21 -0.64
0.54 0.72 -0.5
0.34 0.64 -0.71
0.09 0.56 -0.74
0.11 0.68 -0.73
0.15 0.77 -0.77
0.11 0.78 -0.66
0.39 0.63 -0.68
0.20 0.68 -0.68
0.37 0.64 -0.64
0.34 0.57 -0.66
0.36 0.63 -0.71
0.37 0.67 -0.69
0.34 0.7 -0.65
0.30 0.7 -0.68
0.43 0.76 -0.47
0.27 0.64 -0.29
0.45 0.91 -0.44
0.37 0.78 -0.45
0.44 0.87 -0.56
0.38 0.79 -0.54
0.37 0.79 -0.45
0.46 0.77 -0.31
0.53 0.77 -0.35
0.64 0.73 -0.34
0.77 0.7 -0.26
0.68 0.59 -0.28
0.60 0.75 -0.58
0.62 0.73 -0.44
0.48 0.66 -0.29
0.91 0.35 -0.02
0.76 0.3 -0.13
0.87 0.22 -0.48
1.07 0.05 -0.5
0.73 0.04 -0.74
0.77 0.0 -0.95
2.48 -1.94 -2.61
-0.00 -0.05 0.09
0.00 -0.02 0.09
0.01 0.04 0.08
-0.02 0.05 0.1
-0.01 -0.02 0.13
-1.36 0.13 0.89
-2.21 -0.57 -0.82
-0.03 0.09 -1.02
-0.27 0.2 -0.82
-0.29 -0.05 -1.07
-0.75 0.03 -0.69
-0.75 0.08 -0.66
-0.87 0.0 -0.58
-0.80 0.09 -0.59
-0.85 0.09 -0.62
-0.71 0.24 -0.77
-0.75 -0.11 0.58
-0.88 0.25 0.39
-0.90 0.18 0.17
-1.02 0.16 0.03
-2.34 -1.68 1.04
-0.05 -0.05 -0.02
-0.02 -0.09 -0.0
-0.19 -0.55 -0.01
0.70 -0.4 0.02
1.98 -1.25 -0.07
1.86 0.27 0.33
-0.00 -0.09 0.09
-0.01 -0.07 0.09
0.01 0.04 0.09
-0.01 0.08 0.13
0.58 2.25 -0.97
0.95 -0.46 -0.46
-1.27 0.0 -0.6
-0.16 -0.07 -1.08
0.05 0.16 -0.96
0.63 0.23 -0.73
0.77 0.16 -0.75
0.75 0.12 -0.71
0.71 0.16 -0.68
0.79 0.16 -0.55
0.94 0.11 -0.0
0.98 0.09 -0.33
0.95 0.11 -0.36
0.96 -0.05 -0.46
0.89 -0.07 -0.45
0.82 -0.11 -0.36
1.14 -0.52 -0.85
0.94 -1.09 -0.89
0.20 -0.77 -0.48
-0.18 -0.4 -0.16
-0.15 -0.65 -0.18
-0.18 -0.68 -0.24
-0.18 -0.98 -0.26
