0.1721537145691313
0.24631792410229983
0.317668043662265
0.3803062337319618
0.440630361539837
0.4926645034892765
0.5389154109375826
0.5820689607926198
0.6232131036038162
0.6594020786406266
0.6896114898075303
0.7185087646866675
0.7427125797042805
0.7612485891557359
0.7856752839042783
0.8138325260905294
0.8265720219514492
0.8423258827575566
0.853331792179664
0.8688219561186113
0.8845849990883919
0.8941928332605276
0.9018145481302858
0.91105418437873
0.9199277109279158
0.9290786968151376
0.9353317439171716
0.9415309303754142
0.947510149244047
0.9530309592176589
0.957622213176186
0.9640106425479306
0.9674350922698981
0.9683037453642531
0.9724036488793565
0.9756758839654064
0.9756959409600754
0.9840349833482448
0.9930902092905621
1.000421306241959
1.0058161508110943
1.1575380460381262
1.1487541054602386
1.1397953321025047
1.1268880850231318
1.114258997011435
1.1014220816145561
1.094167239054365
1.0903296192332457
1.0410639068782097
1.0292930865797905
1.0150312895704001
1.0271702603330801
1.012294764666401
1.013477897119432
1.0117721823422294
1.0084956187784657
1.0033061609676879
1.0019681355868846
0.9967599643612511
0.997743267586625
0.9983803987717571
0.9978843593255404
1.006825277929765
1.0026789705419883
0.9978561867068341
0.9981454389442264
0.9995950552926324
1.0008227950368034
1.000044317548011
1.0008991858515326
0.9966133698363323
0.9951448904036972
0.9959667858025611
0.9930354372388941
0.9930708872384023
0.993808288496918
0.9960686418100597
0.9944000535465002
0.9937028638034825
0.9938648585953378
0.9945079223187601
0.9931126888888351
0.9905227863400197
0.9911924213415457
0.9908132723960402
0.9935349016304293
0.9922432569003292
0.9928566417680474
1.0015124715852421
1.002628917027674
1.0063424553677065
0.9964992657352384
1.0066865529921203
1.0061201750702378
0.9978055185033373
0.9896897243305901
1.0079021939780348
1.0079349820301433
1.0129129660306473
1.0070285674084607
1.0023616924004064
0.9981978530667829
1.0264626286930876
1.0245961993795483
1.0223150791569484
1.01551264091563
1.0130272246293006
1.0411667756509873
1.0300989296503327
1.0212322341563407
1.0111750398561232
1.0021809544122653
1.0330109179341636
1.0276985416738158
0.9916356141682301
0.9824140394726544
0.9941954397393181
1.0150152163332444
1.024018770073257
1.0316001231137668
1.0361922219528372
1.029305136027375
1.02472785594744
1.021639851719418
1.025140901952333
1.0369541451240984
1.0087215145887534
1.0085554885275934
1.0273314015347752
1.0063150348059329
1.0120657418163683
1.0161765159196703
1.003832516844497
1.005132524797734
1.0040268214579435
1.0034510503853153
0.9940474700403822
0.9882189119406817
0.9889095332196444
0.988241114428796
0.9831909821168175
0.982491324312544
0.9819094468311961
0.9813968577087422
0.9818108072813299
0.9813689481628713
0.9896744706646953
0.9898124012394592
0.9875720355897336
0.9853918180770066
0.987263798095082
0.9845835701113981
0.9835564884966419
0.9822746289097846
0.9803752351838972
0.9797826470443457
0.9800809135692948
0.9805054423248507
0.980388499987279
0.9792735886673355
0.9806108899966859
0.9810748971737019
0.9818887035501749
0.9798870781949378
0.9800473103587689
0.9803303475364238
0.9795676651986714
0.979149252688019
0.9787621638972244
0.978632296047785
0.9785685399670384
0.9785165291756118
0.9787028131669103
0.9795512323759319
0.9794098859109694
0.9797327918040458
0.979058472375158
0.979479843053927
0.9796001057271599
0.9800719445715185
0.9796468420733538
0.979104460593701
0.9787099266274066
0.9784898790989385
0.9780694804347303
0.9784401302646809
0.9783585117360141
0.9779041160734375
0.9779087891995727
0.9771666563080401
0.9774485803297654
0.977075364637284
0.9769278976695301
0.9767546855033431
0.9769689724972944
0.9765956360753202
0.9777661760817066
0.9781036579456603
0.9778507797789089
0.9778603016590922
0.9778351146480169
0.9783625242159957
0.9780477021961793
0.977785415683115
0.9771395314393119
0.9773218035423146
0.9779859894456319
0.9783418729334045
0.9781462985911319
0.9785077434456094
0.9784575413560926
0.9780825926198232
0.9783687987167425
0.9777465029949893
0.9767344278780392
0.9760570002975542
0.976588246435152
0.9775721108920444
0.9777366415350536
0.9776933054816958
0.9777792641332876
0.9781918462629647
0.9781744986476365
0.978098054911796
0.9776034303962249
0.9769407896368647
0.9770951588198049
0.9772295026145424
0.976782754930155
0.9766137862646691
0.9762207688243568
0.9759042368101223
0.9752816449139126
0.9760090196545967
0.9756822002751587
0.9758977892963663
0.9725831780404456
0.974000348200132
0.9748331092103902
0.9756846613630491
0.9767443169895926
0.9776822701278038
0.977941429053638
0.9770578520453622
0.9771429906105066
0.9766781582761936
0.9774007188928497
0.9782807490271572
0.9780364221071886
0.9766683418120065
0.97693735439445
0.9779999416263911
0.9778135645504142
0.9777580259724598
0.9774981583384194
0.9770767141127066
0.9768847517007783
0.9773668065312652
0.9773864827136286
0.9779598524525366
0.9772497711054747
0.9763824419613342
0.9763281585786037
0.9767222851503189
0.9770805820336964
0.9766970992902312
0.9761085602823592
0.975863889052521
0.9765823301064157
0.9772580033387436
0.9775586987697573
0.9776352940573225
0.9773925516504292
0.9774812778611586
0.9771398272021002
0.9772957468463029
0.9771163151431295
0.9777866704405853
0.9773277837339662
0.9777448002825531
0.9773326996489032
0.9774703424480559
0.9775519967680918
0.977030667032261
0.9769241617278024
0.9774948200779243
0.9766469143751185
0.9770876755967848
0.9774464921697593
0.9776447638105888
0.9781946534497732
0.9778700979628293
0.9776570924245749
0.9769812813135808
0.9766415806103917
0.9766117993166635
0.976862145832894
0.9770544532873557
0.9767081005865509
0.9774332940689525
0.977354302426155
0.9771468014991094
0.9743022998267844
0.9720941003139888
0.9740991719304763
0.9727064209283415
0.9744090942507174
0.9721151249210827
0.9837067605877362
0.9913129901211177
0.9904771390439774
0.99610248352922
1.0075455246239102
1.0072287726682438
1.0063268274152213
0.9821768788012566
0.9724036504427143
0.9815270813168663
0.9665507657509805
0.9745598895145808
1.0148248554461718
1.0291191284452297
1.0077463796286557
0.9775080208419721
1.0170969140061052
1.0052116861796703
0.9853721808908907
0.98910278153347
0.9892457125210042
0.9859117665615287
0.9922651717229777
1.019203997487922
1.033892824753536
1.0396499347905874
1.0454176441319194
1.0403336132723533
1.0381855549708645
1.0020036981075384
0.9317314285939365
0.9406446769363455
0.908045379318414
0.9091785928169926
0.9007400573172674
0.9068221911434547
0.9157356411180481
0.9217079090598491
0.9331890949815027
0.9320184412240988
0.950343116833347
0.905055887215184
0.9015566160287153
0.8778060791719238
0.8865243296772074
0.8914544403810251
0.9114093635362085
0.894165206061647
0.9027487638168619
0.9032583312772352
0.8959361565923726
0.9051206784575956
0.9091389201009673
0.9150430817805205
0.9210228538754712
0.9269758170268332
0.9314283693292599
0.9370700896010846
0.940285042695045
0.9433454185699333
0.9464592501057045
0.9495547793088606
0.9520006557862195
0.9540425873325259
0.9561497212063856
0.9582132750656384
0.9594556702574443
0.9612186832938735
0.9632121193055272
0.9643704623098909
0.9665285849827399
0.9676742351597131
0.9682303554911088
0.9688864210815287
0.9699285125741365
0.9710641459985377
0.9721325754552234
0.9729210959555261
0.9740763357184238
0.9731559671055311
0.9742532303168033
0.9740878978911529
0.9749260601993462
0.9749094689101976
0.9747076599376713
0.9754779691848374
0.9758863263041118
0.977026436555925
0.9773281557157404
0.9779582426712224
0.9782831729070278
0.9783344554831732
0.977895648232712
0.9770465083414174
0.9746665983700005
0.9687981057704469
0.9657990240500268
0.9480246689104697
0.9379693594159417
0.9223591573779248
0.927267540450605
0.9285323678219023
0.9182925708413827
0.9118069200168525
0.9371489065278805
0.9436139919488898
0.9544110188158822
1.1962905023652173
1.1488630041888828
1.1377262855309151
1.1314182135273447
1.1315641385694692
1.1141521665402931
1.1127821000051303
1.106228330556317
1.0965512073961676
1.0917622428683649
1.084271057395128
1.0712295075637015
1.1062584278332854
1.1030796807911925
1.0990413135010515
1.092131043873986
1.080732505620765
1.0747591519679973
1.0674066639449742
1.063561268264134
1.0598171669554868
1.0553556806341307
1.0517623658428337
1.0482774543884406
1.0453605420781982
1.0431390020211944
1.0407786390668972
1.0385745642841508
1.036105724110582
1.0348917201475136
1.0333840117877506
1.0329022053093617
1.0326171392250885
1.0318995688631445
1.0322356925402936
1.0334898177897436
1.029132076732967
1.0301757788689507
1.0269276241508174
1.01826057091801
1.0170123588772546
1.0216855980125574
1.022802627315209
1.024004187327992
1.0216797863529548
1.0159734711445163
1.0111943685244196
1.0175481137068578
1.0319603674826847
1.023950390781964
1.0018301108786998
1.004410822445022
1.0151863542747959
1.0244904725255095
1.0445914714906783
1.0711015608751706
1.0901979619397755
1.0811321130435163
1.0660743379085016
1.0609836012574254
1.0538577379082454
1.038596660965271
1.0122138368592812
0.9784810923931613
0.9698910794646849
0.9653745463626059
0.9624318929697704
0.9825551359181397
0.9840604514850234
0.9836709090305771
0.9835974314564734
0.9843045569320648
0.9830993583642228
0.9820784937177681
0.9809467497991602
0.9800369290021803
0.9791716098352814
0.979125220813346
0.9803448995377664
0.9815949603840036
0.9813821273983471
0.9809759822303282
0.9760887841299741
0.9678400284984027
0.9529688824055008
0.934701583085188
0.9287799035949977
0.9300599615517631
0.9256416423674121
0.910646261034739
0.9108693476277793
0.9169870985547326
0.923572737625769
0.9427815429355131
0.9629502075115846
1.005906706781187
0.9971995527987154
0.992153516723342
0.9894847394916094
0.9884410440806448
1.0042340728141108
1.0067470158393974
1.0071243435748196
1.0086574732016238
1.0033021975143954
1.0067145981224832
1.010583377895549
1.0094910685097447
1.004433083934958
1.003730354950886
1.006300190547224
1.0080019026987215
1.0080622256302283
1.0091877543035337
1.0108968972561192
1.0113046067444282
1.0125868412783632
1.011440810235773
1.0121203365813944
1.0122101771223586
1.0129848519633249
1.0141248421238218
1.014404989995942
1.0144700081716078
1.015356122165825
1.016371404927475
1.0170240665406884
1.0168903826406366
1.0172395842526685
1.0179292881160669
1.0176613770014176
1.0172266662273428
1.020001208359151
1.0221192415509295
1.0208295862726473
1.0198262196072547
1.0194954700735914
1.023011261305099
1.0232550499598017
1.0242800313184928
1.027543680595609
1.0326375719535517
1.024608304067016
1.019567450397092
1.0149648271378653
1.0229229308750436
1.01499840739399
1.0123974941446021
1.0014153144267974
1.0139993278771393
1.0155048473354862
1.0198017190478443
1.014639012022981
0.9977877367981424
1.0100192438702096
1.0358547838690377
1.0245233568694017
1.0362762737786875
1.0248937083931877
1.0137701176190745
1.0109924843091491
1.002023116291404
1.0021277387175949
1.0012589355858414
0.9849581894826116
0.9691519350642994
0.9531295243135279
0.9532338596843363
0.9554677104421901
0.9565009162383351
0.9606430029639281
0.9615452172260078
0.9653402960583523
0.9676456553263361
0.9673145150265029
0.9692771439424148
0.9696953868335473
0.9704822756622081
0.9707173726859673
0.9710031921182062
0.9728317702029444
0.9736551543447458
0.9736012472990186
0.9750519054906888
0.9727338758388356
0.9687977895185909
0.9751080340735802
0.9546876531514397
0.9553533569516937
0.9526749538016602
0.9444063027327634
0.9489694959123856
0.944610045207333
0.9526541197300072
0.961361041135558
0.9652493067995135
0.9601733786448019
0.9522683090587699
0.9629311223280179
0.9641848912872478
0.9823515412699799
0.9792161106339067
0.9782196110557616
0.990835358953952
1.0150989868910782
1.015449520510405
1.0150389488473364
1.0124501086002073
1.0078992599113794
1.0106165086371302
1.0108456181592798
1.0085300202044947
1.0221856538462295
1.0272866676012569
1.0252336920457559
1.0209014147086757
1.0231993552820264
1.0175270821228752
1.023345145028096
1.0317245195893892
1.025208701399813
1.020263549567087
1.0206283034022225
1.0209545723754747
1.0212256142648244
1.0212378200416559
1.0213501964513807
1.0214025533716575
1.019990979499046
1.0212543715298734
1.0213922682470442
1.02086147510096
1.0214405879826962
1.0211803463709732
1.0204992974521714
1.0218081882595864
1.022955958552223
1.0225211326235966
1.021273737105005
1.0213293530207632
1.0153612175384705
1.0152445528783751
1.0215226775424884
1.0312670897620926
1.023565732914339
1.0278367198643552
1.031828833589603
1.034922595624713
1.0316797887532436
1.018353685277262
1.0155541326025905
1.0201895706636637
0.9900836049064395
0.9712957203674734
0.9647990878104067
0.961415992239737
0.9658723606259177
0.968295470928248
0.9844883793193676
1.0102719847959067
1.027043909491339
1.0230270618977988
1.0166845717992519
1.013815276856542
1.0028137943726252
0.9922500544293441
0.9761547599815288
0.9559988297165066
0.9445293289071423
0.9417639805158674
0.9456437980973452
0.9475328439702398
0.9517553931664071
0.9528372247074557
0.9539476417413756
0.9581024869538175
0.9605507149008573
0.9629685037631112
0.9645376911436415
0.9653458510203655
0.965660782283082
0.9677678209110421
0.9688836404501943
0.9624043344491764
0.9632246976657878
0.9459113122655683
0.936582154662005
0.932705304116445
0.9234122571858393
0.9279265869360273
0.924798868498581
0.9149479913648957
0.9377895726043338
0.9478386681616512
0.9545006049980994
0.9462679109260649
0.9710990193225726
0.9660970140961893
0.9664775535804246
0.9765361901368468
1.0525526795015077
1.0398010761990575
1.0382088114045194
1.0263240258664754
1.022975365049894
1.025271495369995
1.0232899470681576
1.0281818371613045
1.0223272714436826
1.0342666736171635
1.037333595014246
1.02429421745693
1.0263681037642707
1.02303720756116
1.0275276265114568
1.0291292463216775
1.0296589107107303
1.0298127420692702
1.0291224159343155
1.0258723355497437
1.0240785004346207
1.0247036715003583
1.0251262229772033
1.024459495295709
1.023663110861139
1.0227713316663656
1.0224618433714239
1.0227044688259685
1.0220682587777707
1.02324474996076
1.023594456750343
1.0231397030173595
1.0238747299882325
1.0216105698517577
1.022282115361042
1.02199636416175
1.0231899307147039
1.0238602495701843
1.020160292274074
1.0217313170327422
1.0243239651499665
1.0208826467067356
1.0147829165810809
1.0183272739787184
1.0256166449789057
1.0247600746327492
1.0257579272083854
1.0222894039822263
1.0164495149808583
1.0136448125414048
1.0038963392449591
1.013196982686174
1.0152023046250014
0.9975325996511288
1.007934884501905
1.0113973050285574
1.0105270351077125
1.0015442603668148
1.021876413350852
0.9985316765989314
1.050076073398301
1.0620057255913442
1.0660340107545112
1.0475875387410962
1.0344054050470584
1.0286239083189939
1.0220350468627208
1.0183792949740822
1.0043781083238146
0.9908580127917442
0.9697218364278263
0.9621227131240544
0.9614274414448001
0.9608231358034559
0.9613762074727709
0.9639180196167202
0.9659283766283019
0.9693064999305114
0.971517655072743
0.9735580748775745
0.9738300260627019
0.9737889453513805
0.9739535233187805
0.970202067986035
0.9572972762224986
0.9449677678590057
0.9450818815181296
0.9421534471466262
0.954849670680291
0.948516802036655
0.9345882824769102
0.9303157621390149
0.9352520242565968
0.9399344616682804
0.9458205598424546
0.9679608066780648
0.9624327458150934
0.9955423697790444
1.0039797727780586
0.9887361739200685
1.00955146698433
1.0156593454151441
1.0129221874254586
1.0201631803578635
1.0222508030213762
1.0181367679829187
1.025338342759805
1.0252751618349725
1.0228491020171835
1.013407878873127
1.015736010267016
1.0156047248980762
