0.250 0.961 0.16
0.230 0.937 0.168
0.203 0.934 0.25
0.242 0.961 0.285
0.203 0.934 0.316
0.152 1.0 0.258
0.105 0.98 0.234
0.145 0.949 0.285
0.137 0.945 0.34
0.102 0.965 0.359
0.078 0.957 0.348
0.070 0.926 0.348
0.105 0.937 0.355
0.129 0.898 0.383
0.180 0.828 0.422
0.238 0.859 0.516
0.176 0.906 0.59
0.207 0.84 0.402
0.152 0.836 0.527
0.203 0.793 0.508
0.180 0.859 0.527
0.160 0.863 0.562
0.172 0.797 0.562
0.156 0.809 0.527
0.156 0.824 0.551
0.152 0.844 0.531
0.180 0.84 0.551
0.148 0.824 0.543
0.125 0.832 0.547
0.105 0.852 0.527
0.117 0.844 0.539
0.125 0.824 0.559
0.090 0.898 0.492
0.059 0.875 0.484
0.023 0.875 0.434
0.066 0.898 0.465
0.055 0.891 0.469
0.043 0.875 0.43
-0.020 0.914 0.551
0.031 0.926 0.562
-0.270 1.02 0.199
0.004 0.883 0.586
-2.375 1.16 0.41
0.066 0.828 0.66
0.258 0.754 0.684
0.180 0.73 0.656
0.312 0.641 0.684
0.176 0.816 0.5
0.320 0.531 0.812
0.363 0.566 0.809
0.086 -0.125 0.527
0.273 0.613 0.617
0.180 0.652 0.551
0.242 0.395 1.051
0.160 0.625 0.574
0.207 0.641 0.773
0.195 0.672 0.707
0.184 0.687 0.668
0.152 0.676 0.652
0.207 0.691 0.676
0.117 0.738 0.578
0.180 0.703 0.699
0.047 0.594 0.809
0.227 0.687 0.68
0.133 1.02 0.379
0.176 0.684 0.652
0.164 0.703 0.617
0.246 0.715 0.656
0.234 0.715 0.68
0.172 0.742 0.668
0.145 0.773 0.605
0.184 0.723 0.68
0.195 0.73 0.582
0.187 0.742 0.613
0.238 0.711 0.668
0.180 0.734 0.598
0.191 0.738 0.637
0.187 0.746 0.641
0.195 0.758 0.652
0.180 0.73 0.625
0.187 0.73 0.637
0.207 0.75 0.621
0.203 0.738 0.645
0.199 0.727 0.625
0.203 0.699 0.633
0.258 0.727 0.633
0.266 0.66 0.684
0.340 0.742 0.613
0.223 0.746 0.594
0.207 0.773 0.598
0.180 0.937 0.523
0.250 0.891 0.414
0.211 0.91 0.465
0.355 0.82 0.09
0.168 1.094 -0.062
0.160 0.937 -0.312
0.008 0.836 -0.371
-0.074 0.777 -0.465
-0.422 0.992 -0.504
-0.348 0.629 -0.707
-0.344 0.656 -0.762
-0.418 0.449 -0.723
-0.473 0.348 -0.754
-0.371 0.457 -0.754
-0.152 0.645 -1.129
-0.199 0.477 -0.863
-0.184 0.516 -0.836
-0.203 0.531 -0.758
-0.234 0.547 -0.789
-0.301 0.641 -1.117
-0.223 0.457 -0.766
-0.031 0.531 -0.766
-0.145 0.477 -0.762
0.383 0.238 -0.793
0.961 0.352 -0.867
0.766 0.324 -0.508
0.328 0.539 -0.008
0.328 0.785 -0.262
0.586 0.945 -0.012
0.797 0.871 0.32
0.469 0.984 0.23
0.453 0.984 0.23
0.715 0.812 0.02
0.496 0.797 -0.203
0.680 0.668 -0.223
0.793 0.566 -0.18
0.633 0.836 -0.156
0.801 0.832 -0.02
0.535 0.48 -0.105
0.566 0.781 -0.289
1.078 0.531 -0.18
0.551 0.48 -0.316
0.844 0.645 -0.125
.957 0.449 -0.02
0.781 0.301 -0.273
0.793 0.543 -0.336
0.727 0.598 -0.316
0.672 0.648 -0.352
0.602 0.496 -0.449
0.574 0.27 -0.68
0.602 0.082 -0.789
0.582 0.047 -0.789
0.566 -0.145 -0.727
0.594 -0.035 -0.773
0.605 -0.078 -0.762
0.598 -0.051 -0.77
0.539 -0.051 -0.824
0.512 0.008 -0.832
0.676 0.242 -0.797
0.629 0.008 -0.766
0.605 -0.055 -0.75
0.578 0.039 -0.77
0.711 -0.031 -0.711
0.590 -0.027 -0.754
0.625 0.012 -0.746
0.633 0.02 -0.734
0.625 -0.027 -0.73
0.621 0.016 -0.75
0.625 -0.035 -0.758
0.633 0.023 -0.754
0.629 -0.027 -0.75
0.648 -0.02 -0.719
0.652 0.02 -0.75
0.664 0.047 -0.727
0.633 0.07 -0.758
0.594 0.0 -0.754
0.656 0.02 -0.73
0.645 0.004 -0.742
0.637 0.012 -0.734
0.637 0.012 -0.738
0.637 0.0 -0.738
0.645 0.02 -0.734
0.637 0.004 -0.742
0.637 0.012 -0.742
0.641 0.008 -0.742
0.633 0.031 -0.758
0.637 0.012 -0.742
0.633 -0.055 -0.75
0.633 0.008 -0.738
0.641 0.016 -0.746
0.641 -0.023 -0.742
0.652 0.008 -0.738
0.633 0.012 -0.742
0.629 -0.043 -0.742
0.641 -0.023 -0.734
0.625 0.004 -0.75
0.629 -0.047 -0.742
0.648 0.008 -0.738
0.641 0.008 -0.738
0.629 -0.035 -0.742
0.637 0.008 -0.742
0.633 -0.031 -0.734
0.645 -0.016 -0.738
0.625 -0.016 -0.746
0.633 -0.016 -0.742
0.637 -0.016 -0.738
0.648 0.0 -0.734
0.629 -0.016 -0.742
0.645 0.023 -0.75
0.656 -0.008 -0.73
0.633 0.0 -0.742
0.637 -0.008 -0.742
0.641 0.012 -0.738
0.641 0.012 -0.746
0.637 -0.004 -0.738
0.637 -0.023 -0.738
0.621 0.008 -0.746
0.648 -0.008 -0.734
0.656 0.02 -0.734
0.660 0.0 -0.727
0.648 0.012 -0.73
0.648 0.004 -0.738
0.637 0.008 -0.742
0.645 -0.02 -0.73
0.637 0.023 -0.746
0.648 -0.035 -0.723
0.609 0.031 -0.75
0.633 -0.008 -0.734
0.660 0.0 -0.727
0.656 0.0 -0.738
0.648 0.023 -0.734
0.645 -0.016 -0.734
0.633 -0.023 -0.746
0.648 -0.02 -0.738
0.641 -0.031 -0.738
0.645 -0.02 -0.734
0.633 -0.027 -0.738
0.629 -0.035 -0.738
0.633 -0.023 -0.746
0.633 -0.02 -0.746
0.633 -0.008 -0.738
0.637 -0.008 -0.738
0.633 -0.004 -0.738
0.629 -0.004 -0.742
0.637 -0.02 -0.73
0.645 -0.016 -0.742
0.633 -0.016 -0.738
0.637 -0.016 -0.742
0.598 -0.047 -0.723
0.648 -0.008 -0.746
0.680 0.066 -0.707
0.680 0.027 -0.711
0.672 0.023 -0.723
0.691 0.051 -0.703
0.641 0.0 -0.742
0.641 0.062 -0.723
0.684 -0.004 -0.699
0.648 0.047 -0.723
0.664 0.008 -0.727
0.672 0.004 -0.723
0.633 0.023 -0.742
0.598 -0.035 -0.754
0.625 0.023 -0.754
0.648 0.031 -0.746
0.633 0.035 -0.742
0.645 0.012 -0.734
0.637 0.004 -0.738
0.629 0.016 -0.742
0.637 0.012 -0.738
0.648 0.012 -0.738
0.641 0.012 -0.738
0.641 0.016 -0.746
0.625 0.0 -0.742
0.621 -0.016 -0.742
0.629 0.0 -0.746
0.641 -0.016 -0.742
0.641 -0.016 -0.742
0.629 -0.016 -0.742
0.625 -0.012 -0.742
0.625 -0.02 -0.746
0.641 -0.02 -0.746
0.637 -0.004 -0.75
0.641 -0.008 -0.742
0.633 0.008 -0.746
0.637 -0.012 -0.738
0.633 0.0 -0.746
0.621 0.0 -0.75
0.629 -0.004 -0.75
0.633 0.0 -0.742
0.633 0.004 -0.754
0.629 -0.004 -0.742
0.629 0.0 -0.754
0.625 0.0 -0.746
0.629 0.0 -0.75
0.633 0.0 -0.746
0.613 0.012 -0.754
0.629 0.012 -0.746
0.621 0.02 -0.762
0.617 0.012 -0.746
0.633 0.012 -0.75
0.637 0.012 -0.746
0.625 0.023 -0.754
0.641 0.016 -0.746
0.641 0.016 -0.734
0.633 0.02 -0.742
0.625 0.012 -0.742
0.625 0.008 -0.746
0.625 0.008 -0.75
0.625 0.004 -0.754
0.629 0.016 -0.75
0.625 0.008 -0.746
0.633 -0.02 -0.754
0.629 -0.039 -0.746
0.594 0.02 -0.773
0.559 0.039 -0.762
0.535 -0.137 -0.773
0.605 -0.078 -0.785
0.508 -0.043 -0.812
0.504 -0.055 -0.852
0.453 -0.246 -0.797
0.617 -0.301 -0.859
0.633 -0.5 -0.699
0.570 -0.504 -0.621
0.707 -0.5 -0.598
0.715 -0.734 -0.457
0.641 -0.723 -0.273
0.457 -0.883 -0.078
0.199 -0.711 0.059
0.375 -0.773 0.164
0.406 -0.965 0.234
0.223 -0.758 0.207
0.422 -0.926 0.277
0.504 -1.273 0.367
0.160 -1.152 0.145
0.211 -0.699 -0.312
-0.016 -0.664 -0.121
-0.152 -1.305 0.52
0.629 -0.574 0.246
0.598 -0.375 -0.348
0.645 -0.707 -0.371
0.820 -0.414 -0.371
0.707 -0.621 -0.148
0.484 -0.934 -0.09
1.121 0.215 -0.598
0.648 -0.078 -0.984
0.957 0.078 -0.531
0.992 -0.395 -0.277
0.848 -0.387 -0.332
0.887 -0.434 -0.242
0.574 -0.18 -0.219
0.184 -0.07 -0.117
0.742 -0.711 -0.066
0.480 -0.184 -0.273
0.914 -0.062 -0.09
0.727 -0.355 -0.109
0.937 -0.219 -0.102
0.988 -0.164 -0.082
0.969 -0.074 -0.137
1.020 0.141 -0.195
0.863 -0.082 -0.309
0.980 -0.551 -0.145
-0.062 -0.445 -0.051
0.703 -0.5 -0.082
0.586 -0.117 -0.23
0.848 -0.445 -0.176
0.883 -0.316 -0.074
0.895 -0.652 0.09
0.660 -0.262 -0.129
0.879 -0.437 0.117
0.875 -0.141 -0.199
0.773 -0.277 -0.051
0.871 -0.48 -0.07
0.867 -0.371 -0.109
0.879 -0.41 -0.09
0.887 -0.406 -0.102
0.910 -0.367 -0.102
0.891 -0.387 -0.094
0.918 -0.367 -0.098
0.902 -0.344 -0.117
0.898 -0.363 -0.102
0.906 -0.355 -0.094
0.914 -0.34 -0.102
0.902 -0.363 -0.09
0.906 -0.344 -0.102
0.906 -0.355 -0.09
.898 -0.379 -0.09
0.895 -0.367 -0.094
0.898 -0.379 -0.09
0.906 -0.371 -0.09
0.891 -0.387 -0.094
0.906 -0.383 -0.094
0.902 -0.367 -0.102
0.895 -0.371 -0.098
0.898 -0.367 -0.102
0.910 -0.348 -0.109
0.910 -0.355 -0.105
0.906 -0.367 -0.102
0.914 -0.336 -0.117
.918 -0.344 -0.102
0.902 -0.34 -0.0
0.910 -0.359 -0.117
0.902 -0.344 -0.117
0.910 -0.355 -0.113
0.906 -0.34 -0.117
0.910 -0.32 -0.125
0.910 -0.352 -0.121
0.910 -0.34 -0.129
0.914 -0.352 -0.133
0.910 -0.344 -0.121
0.910 -0.355 -0.121
0.906 -0.359 -0.117
0.902 -0.363 -0.113
0.910 -0.324 -0.121
0.887 -0.371 -0.117
0.879 -0.348 -0.102
0.820 -0.391 -0.055
0.852 -0.387 -0.008
0.602 -0.48 0.023
0.699 -0.461 0.012
0.605 -0.465 -0.07
0.797 -0.562 -0.047
0.680 -0.645 -0.086
0.684 -0.418 -0.152
0.734 -0.312 -0.285
1.078 -0.207 -0.461
0.895 -0.082 -0.457
0.945 0.09 -0.477
3.285 0.199 -1.496
0.605 0.238 -0.18
0.906 0.449 -0.176
0.918 0.539 -0.09
0.969 0.57 -0.141
0.707 0.594 -0.176
0.742 0.77 -0.254
0.574 0.84 -0.219
0.336 0.91 -0.242
0.250 0.969 -0.297
0.121 0.926 -0.383
0.035 0.855 -0.391
-0.023 1.441 -0.211
0.059 1.031 -0.285
0.102 0.996 -0.344
0.141 0.965 -0.309
0.090 0.902 -0.336
0.066 0.961 -0.32
0.094 0.922 -0.359
0.082 0.965 -0.336
0.094 0.961 -0.336
0.090 0.949 -0.336
0.090 0.953 -0.34
0.090 0.949 -0.344
0.094 0.953 -0.34
0.090 0.957 -0.344
0.090 0.953 -0.344
0.094 0.949 -0.352
0.094 0.945 -0.348
0.098 0.961 -0.336
0.102 0.953 -0.344
0.086 0.965 -0.344
0.047 0.961 -0.367
0.035 0.953 -0.375
0.086 0.973 -0.344
0.070 0.98 -0.359
0.105 0.902 -0.383
0.141 0.965 -0.363
0.203 0.895 -0.383
0.184 0.82 -0.402
0.324 0.891 -0.332
0.477 0.898 -0.328
0.410 0.91 -0.27
0.520 0.844 -0.301
0.633 0.699 -0.328
0.676 0.562 -0.383
0.652 0.539 -0.461
0.719 0.496 -0.637
0.961 0.617 -0.281
0.699 0.477 -0.418
0.633 0.059 -0.453
0.812 -0.199 -0.602
0.906 0.211 -0.629
0.906 0.18 -0.629
1.035 0.273 -0.637
1.051 0.344 -0.75
1.164 -0.156 -0.512
0.879 -0.266 -0.371
0.758 -0.367 -0.359
0.883 -0.402 -0.281
.824 -0.469 -0.258
0.727 -0.469 -0.191
0.621 -0.406 -0.098
0.605 -0.203 -0.062
0.824 -0.32 -0.008
0.875 -0.266 -0.102
0.883 -0.297 -0.051
1.023 -0.59 -0.082
0.980 -0.098 -0.168
0.926 -0.27 -0.172
0.945 -0.187 -0.195
0.961 -0.156 -0.187
0.934 -0.176 -0.199
0.941 -0.145 -0.195
0.934 -0.168 -0.199
0.937 -0.148 -0.207
0.937 -0.156 -0.199
0.945 -0.148 -0.207
0.961 -0.137 -0.207
0.961 -0.168 -0.191
0.941 -0.199 -0.184
0.941 -0.18 -0.191
0.887 -0.191 -0.191
0.820 -0.293 -0.16
0.719 -0.355 -0.062
0.645 -0.371 -0.109
0.762 -0.41 -0.086
0.781 -0.516 -0.113
0.707 -0.504 -0.152
0.648 -0.293 -0.27
0.750 -0.414 -0.316
0.855 -0.27 -0.391
0.855 -0.117 -0.484
0.992 0.148 -0.531
1.031 0.297 -0.453
1.211 0.547 -0.543
0.582 0.672 -0.195
0.707 0.531 -0.324
0.645 0.652 -0.293
0.574 0.75 -0.254
0.531 1.012 -0.211
0.488 0.895 -0.16
0.301 0.953 -0.152
0.246 0.961 -0.254
0.008 0.914 -0.258
0.160 1.004 -0.223
-0.004 1.027 -0.215
0.008 0.957 -0.285
0.094 0.91 -0.27
0.086 0.961 -0.25
0.074 1.004 -0.227
0.078 0.992 -0.246
0.109 0.969 -0.258
0.102 0.988 -0.234
0.090 0.996 -0.238
0.090 0.98 -0.25
0.094 0.992 -0.242
0.066 0.969 -0.238
0.098 0.992 -0.211
0.086 0.988 -0.207
0.090 0.992 -0.223
0.074 1.0 -0.215
0.094 0.988 -0.223
0.090 0.988 -0.215
0.074 0.996 -0.227
0.094 0.996 -0.23
0.094 0.992 -0.234
0.074 0.988 -0.223
0.090 0.992 -0.223
0.082 0.996 -0.227
0.102 0.984 -0.227
0.055 0.98 -0.25
0.027 1.02 -0.238
0.043 1.02 -0.215
0.102 0.969 -0.258
0.242 0.949 -0.246
0.207 0.965 -0.242
0.324 0.965 -0.289
0.449 0.883 -0.266
0.414 0.91 -0.266
0.551 0.875 -0.234
0.672 0.805 -0.273
0.574 0.68 -0.316
0.586 0.687 -0.352
0.680 0.531 -0.441
0.887 0.461 -0.465
0.707 0.371 -0.488
0.707 0.312 -0.613
0.461 0.297 -0.703
0.352 0.629 -0.883
0.363 0.621 -0.738
0.566 0.465 -0.77
0.672 0.172 -0.668
0.531 0.23 -0.594
0.934 0.312 -0.559
1.008 0.32 -0.746
.234 0.211 -0.855
0.949 0.121 -0.645
0.766 -0.035 -0.492
0.742 -0.402 -0.32
0.832 -0.437 -0.289
0.777 -0.41 -0.246
0.867 -0.445 -0.238
0.844 -0.469 -0.23
0.707 -0.355 -0.223
0.727 -0.309 -0.184
0.711 -0.297 -0.187
0.852 -0.41 -0.129
0.949 -0.152 -0.18
0.937 -0.219 -0.094
0.988 -0.148 -0.078
0.918 -0.211 -0.234
0.965 -0.262 -0.082
0.934 -0.277 -0.18
0.930 -0.141 -0.211
0.957 -0.16 -0.191
0.934 -0.199 -0.191
0.937 -0.199 -0.199
0.934 -0.195 -0.191
0.934 -0.195 -0.195
0.953 -0.211 -0.172
0.941 -0.215 -0.18
0.937 -0.18 -0.191
0.949 -0.215 -0.18
0.914 -0.184 -0.18
0.883 -0.242 -0.16
1.012 -0.141 -0.184
0.664 -0.293 -0.191
0.898 -0.332 -0.094
0.871 -0.277 -0.148
0.777 -0.324 -0.184
0.844 -0.5 -0.164
0.750 -0.473 -0.16
.852 -0.566 -0.145
0.754 -0.703 -0.191
0.906 -0.359 -0.242
0.793 -0.328 -0.301
0.672 -0.43 -0.355
0.937 -0.328 -0.398
0.863 -0.273 -0.367
0.988 -0.055 -0.613
0.836 -0.039 -0.445
0.848 0.262 -0.387
0.992 0.328 -0.395
1.113 0.34 -0.477
0.773 0.586 -0.312
0.676 0.727 -0.191
0.668 0.582 -0.434
0.652 0.656 -0.266
0.535 0.859 -0.23
0.691 0.703 -0.234
0.520 0.781 -0.301
0.449 1.051 -0.191
0.352 0.992 -0.234
0.133 0.965 -0.246
0.102 0.934 -0.27
0.145 1.016 -0.203
0.113 0.926 -0.23
-0.016 1.059 -0.219
0.109 1.098 -0.164
0.094 0.93 -0.219
0.098 0.934 -0.246
0.086 0.996 -0.223
0.074 0.996 -0.227
0.070 0.996 -0.227
0.066 0.992 -0.234
0.074 0.996 -0.219
0.066 0.996 -0.219
0.066 0.977 -0.23
0.070 1.008 -0.219
0.078 0.996 -0.219
0.074 0.988 -0.223
0.074 1.0 -0.223
0.074 0.992 -0.219
0.074 0.992 -0.195
-0.016 1.0 -0.266
0.039 1.004 -0.246
0.004 0.988 -0.246
0.070 0.984 -0.211
0.105 0.996 -0.203
0.078 0.918 -0.254
0.176 0.977 -0.207
0.285 1.023 -0.219
0.320 1.055 -0.242
0.285 0.844 -0.32
0.406 0.945 -0.297
0.512 0.902 -0.27
0.625 0.797 -0.332
0.602 0.734 -0.312
0.496 0.613 -0.402
0.730 0.434 -0.504
0.766 0.602 -0.434
0.187 0.141 -0.648
0.422 0.187 -0.633
0.371 0.273 -0.773
0.434 0.273 -0.773
0.352 0.199 -0.926
0.648 0.121 -0.742
0.652 0.32 -0.887
1.055 0.152 -0.687
1.027 -0.043 -0.609
0.855 -0.281 -0.395
0.828 -0.332 -0.336
0.891 -0.316 -0.277
0.785 -0.312 -0.289
0.789 -0.34 -0.219
0.727 -0.344 -0.133
0.687 -0.289 -0.117
0.746 -0.355 -0.078
0.863 -0.285 -0.098
0.949 -0.23 -0.125
0.934 -0.207 -0.137
0.949 -0.266 -0.129
0.922 -0.238 -0.148
0.930 -0.211 -0.148
0.961 -0.234 -0.145
0.953 -0.191 -0.16
0.953 -0.195 -0.168
0.945 -0.199 -0.168
0.941 -0.184 -0.168
0.937 -0.18 -0.168
0.957 -0.176 -0.176
.945 -0.191 -0.176
0.859 -0.199 -0.168
0.941 -0.184 -0.156
0.660 -0.367 -0.164
0.785 -0.285 -0.117
0.801 -0.371 -0.141
0.746 -0.328 -0.16
0.770 -0.578 -0.141
0.836 -0.254 -0.187
0.691 -0.344 -0.266
0.977 -0.559 -0.305
0.875 -0.449 -0.363
0.906 -0.285 -0.375
0.727 -0.164 -0.437
1.066 -0.109 -0.582
0.828 0.062 -0.387
0.844 0.312 -0.363
0.961 0.344 -0.344
1.500 0.891 -0.492
0.648 0.598 -0.234
0.672 0.723 -0.266
0.488 0.66 -0.387
0.652 0.672 -0.32
0.672 0.762 -0.258
0.512 0.816 -0.281
0.469 0.957 -0.156
0.395 0.859 -0.187
0.258 1.113 -0.16
0.145 1.031 -0.238
-0.117 0.812 -0.355
0.148 1.0 -0.273
0.000 0.949 -0.281
-0.090 1.023 -0.309
-0.020 1.02 -0.227
0.051 1.004 -0.246
0.055 0.996 -0.262
0.012 0.988 -0.262
0.043 0.953 -0.277
0.051 0.969 -0.266
0.047 0.996 -0.262
0.051 0.992 -0.27
0.051 0.98 -0.27
0.051 0.98 -0.262
0.047 0.973 -0.281
0.047 0.984 -0.262
0.043 0.988 -0.27
0.051 0.977 -0.273
0.027 1.004 -0.25
0.047 0.992 -0.262
0.051 0.98 -0.273
0.020 0.992 -0.281
-0.039 0.953 -0.297
0.016 0.996 -0.258
0.000 0.988 -0.25
0.027 1.0 -0.266
0.059 0.996 -0.258
0.180 0.926 -0.277
0.125 0.996 -0.262
0.324 0.961 -0.273
0.328 0.883 -0.293
0.297 0.863 -0.277
0.453 0.918 -0.25
0.516 0.937 -0.25
0.547 0.809 -0.281
0.641 0.762 -0.285
0.660 0.641 -0.359
0.656 0.594 -0.367
0.703 0.535 -0.437
0.715 0.359 -0.426
0.867 0.426 -0.539
0.715 0.375 -0.648
0.531 0.297 -0.551
0.539 0.523 -0.82
0.551 0.324 -0.828
0.500 0.234 -0.836
0.523 0.187 -0.723
0.805 0.133 -0.914
.277 0.289 -0.652
1.316 0.254 -0.809
0.945 -0.051 -0.707
0.934 -0.059 -0.59
0.770 -0.191 -0.34
0.785 -0.352 -0.273
0.855 -0.391 -0.242
0.824 -0.418 -0.246
0.910 -0.305 -0.207
0.781 -0.328 -0.172
0.801 -0.262 -0.148
0.711 -0.242 -0.105
.836 -0.262 -0.133
0.898 -0.293 -0.137
0.934 -0.105 -0.168
0.906 -0.293 -0.168
0.953 -0.176 -0.199
0.945 -0.195 -0.203
0.973 -0.16 -0.184
0.957 -0.187 -0.191
0.965 -0.156 -0.18
0.945 -0.168 -0.18
0.941 -0.172 -0.18
0.937 -0.207 -0.176
0.895 -0.191 -0.18
0.773 -0.258 -0.148
0.777 -0.164 -0.211
0.863 -0.34 -0.187
0.781 -0.437 -0.18
0.914 -0.555 -0.164
0.742 -0.445 -0.187
0.613 -0.453 -0.227
0.730 -0.414 -0.289
0.879 -0.34 -0.285
0.883 -0.27 -0.348
0.879 -0.262 -0.41
0.980 -0.051 -0.672
0.762 0.109 -0.48
1.055 0.516 -0.617
0.863 0.449 -0.488
0.562 0.477 -0.395
0.668 0.824 -0.598
0.578 0.82 -0.391
0.602 0.641 -0.445
0.496 0.918 -0.324
