0.17014519403516856
0.24458897588462614
0.311862005478034
0.3726966706330375
0.4283711766478932
0.47893022382236994
0.5250511684426121
0.5689931631107216
0.6096878432192407
0.6432247100423208
0.6785110387511164
0.7146346965762865
0.747799795640239
0.7749162488383565
0.7858498638702541
0.8039886099130182
0.8122563795376853
0.8163825676228963
0.8446849871452952
0.8874779811794433
0.9009049266581286
0.9003446988742294
0.909978548745274
0.9118319585857467
0.9249334522497961
0.9263295849935264
0.9332863434076397
0.919416284669963
0.9081386960904004
0.8903942881403755
0.9085823714304392
0.9177936946099089
0.9249572857222931
0.929499723348431
0.9387647528075259
0.940364061721337
0.9517547194771961
0.951895824623792
0.9802809058234996
0.9924176813983333
1.0337841458269523
1.033848070082107
0.9907493773124525
0.9991930293064496
0.9806217928970501
0.9720061639440815
0.9894143331235291
0.9461973243516134
0.9585584385066174
0.9586975384227343
0.9671085636954092
0.9648869855966938
0.9703622701321795
0.9697590764662266
0.9692295355492981
0.9703075933510813
0.9682161719732519
0.9731270458787908
0.9764606339039191
0.976642302867008
0.9748872216065128
0.9774343177945575
0.9730519411174942
0.9812985838927183
0.9891247606231052
0.9900740465859943
0.9859514384341737
0.9803201781880233
0.980054997637949
0.9754952563846516
0.9768328756981783
0.9794163156343454
0.9754494163005473
0.9815782186933837
0.972333762227602
0.9832518805988233
0.9904373334504194
0.990157448361386
0.9835141070901277
0.9845881052285388
0.9747417769844744
0.9698040767846569
0.9657806939289642
0.9677502854868916
0.9738579668566131
0.9796184878831109
0.9793103032454259
0.981610852466832
0.9817586379159002
0.9886216368034166
0.983104456041104
0.986766507634131
0.969323182348037
0.9667266561132801
0.9740277927185326
0.9757262601772108
0.9769815764481692
0.9775144626109179
0.9776142179961312
0.9780548060179693
0.9774761659532248
0.9815856328621763
0.9849404021627529
0.9838863452548822
0.9847450657492515
0.9821255064764931
0.9824348960759509
0.9824483900508251
0.9828317724867742
0.981616358811542
0.9816542439346136
0.9813839258202143
0.981163444416768
0.9806466171241867
0.9788654800018498
0.978969499440737
0.9772762912302191
0.9764475005985495
0.9761481518138293
0.9782417891299712
0.9776163474351822
0.9774280409318099
0.9776993243223131
0.9781880472815161
0.9778903456633
0.9781259991726049
0.9784085834867327
0.9787240124453358
0.9729261512666437
0.9788309636396768
0.9786623257160468
0.9791128706768475
0.9796128011939281
0.9766009497331093
0.9759863354866002
0.9831915820425693
0.9788834681800356
0.9787196874259597
0.978893621192574
0.9775827891113097
0.9751035357125748
0.9792316339465716
0.9745576064204774
0.9776148228027068
0.9788819136930936
0.975185629542931
0.9791586277846929
0.9867534139000246
0.9852899156852174
0.985489670178117
0.988455245244971
0.9825276156830683
0.9798324115524185
0.9755856857421331
0.9719865014114315
0.9756768079551843
0.984685933251183
0.9820519190134039
0.9834569165764367
0.9821543778315426
0.9825396541050639
0.9781149367917142
0.9763188489649945
0.9742649877731047
0.9708936081563806
0.9680936085385242
0.9702189293789316
0.9282750200176263
0.9556678244313154
0.955239222755661
0.9534673264697505
0.9529908639567732
0.9495680921288919
0.9464538990876438
0.9455013592823829
0.9511432274174293
0.9536570410846464
0.9524492859866748
0.9563152942224081
0.957869123590546
0.9598633944702578
0.9613600201938559
0.9696947692090457
0.9699941702638669
0.9693107923046529
0.96571269134271
0.9677705032846042
0.9869023772377161
0.9937150516821017
0.9863781660673356
0.9853796775036098
0.9767668974014337
0.9698331771330886
0.9659309647806975
0.9680268169476623
0.967648953882255
0.9663849330526003
0.9702614176192322
0.9713976423167
0.9727375294062458
0.9738013389510498
0.9699009823623264
0.9793119505092772
0.9788416453571247
0.976337061938577
0.971551348441534
0.9714071302032381
0.9792835054505588
1.0162062984058602
1.016046643763817
1.0068659501934993
0.9976934084126835
0.9918949708563232
0.9843652148010231
0.9840748533534112
0.9857921488739101
0.9782451504133899
0.9803203117837976
0.9773135569101039
0.9844178301889245
0.9824146147495267
0.9886285852584416
0.9873693409214408
0.983460035724178
0.9824370113975384
0.9829070293950534
0.9913618310431768
1.013035735141772
1.0251274015352867
1.0146509837726958
1.007027793974668
0.9947336678389878
0.9929094364593444
0.9899861085827026
0.9894293975398536
0.9881538039034297
0.9874608197852015
0.9825081309967865
0.9896824761518893
0.9856071562261732
0.9902851939962823
0.9877640251092966
0.9853171194549145
0.9844845448278199
0.9803335618547824
0.9822368919865735
0.9952971418321316
1.0278603243890982
1.025735651697105
1.0081956736666076
0.9996913911869516
0.9879435209298251
0.9824095259977466
0.9815083678731406
0.9820009291894523
0.9801541192128744
0.9820264010421763
0.9826495633099309
0.9812915318503376
0.9871444350636793
0.9928144112688183
0.9858823292552731
0.9818948601989255
0.9746150092882702
0.974950152943035
0.97860018336972
1.0040524383209692
1.016725345324268
1.0040392103945832
0.9892799182181797
0.97597478784125
0.9717390357440506
0.9744379853262991
0.9753807694646187
0.9742246533867334
0.9783733471287412
0.9792060692605008
0.9851679339711539
0.9822643217311483
0.9909617461809059
0.9876419820703636
0.9837098165841169
0.9770736341237829
0.9782547268751333
1.001180195565614
1.0138831190791782
1.0091641093558883
1.0063911759140642
0.9973775119305283
0.9906894128184728
0.9864739027531774
0.9877017752128768
0.9897899823422152
0.9898603458357002
0.9882303179083155
0.9905690714227027
0.9880339004341739
0.995408783333659
0.9907726627524397
0.9891586946090338
0.9831137294217901
1.0001315529332266
1.0159316578265363
1.035091827411099
1.0179571430974508
1.0089935780996442
0.9972082416513569
0.9899457246520569
0.985030057763021
0.984113339089946
0.983551120447526
0.9826582393647979
0.9817718550676069
0.9843962224526724
0.9841115658556433
0.9874002611837333
0.9885317818300947
0.984858101687037
0.9825258009873905
0.975726946210234
0.9750341692012282
0.991720247334987
1.0116665180449758
1.0233716679567413
1.003861812085128
0.9913813905198189
0.9839515578027828
0.9803953061333921
0.9774229437035047
0.9720751579336885
0.9727227482997037
0.9750788234198574
0.9766936925879176
0.9772351740391401
0.9775076696221031
0.9774685427768016
0.9791021383888331
0.9793026531576103
0.9785609729208709
0.9780392180341146
0.9815363570439356
0.9625519813457735
0.961611090715479
0.9610761686916512
0.9637223648355611
0.9625336609452438
0.9642235387259915
0.9636124384809246
0.9752772498689987
0.974163071463408
0.9711289711131101
0.9711144376960026
0.9724307369679882
0.9713596462558196
0.9874331030218625
0.9880091931231901
0.9869479013389868
0.9896867483497441
0.9867213051649123
0.9899276586680865
0.9897548552890135
0.9920957594063302
0.9930175994740877
0.9852141035565422
0.9925934904391216
0.9904354922522248
0.9900933273124956
0.9827016523789613
0.9779706890153698
0.9832233509074839
0.980854322668378
0.9811542427276805
0.9799015659433921
0.972035672697535
0.9645867704015096
0.9620731577257782
0.9656525028968562
0.9722157530702458
0.9867782479498373
0.9898095028199692
1.000951814999122
0.9990275291101983
0.9985011293553533
0.9927222223858311
0.9937919226032257
0.9934002204067961
1.002894635458821
1.0040872401729908
0.9965221077529168
0.9994649247339098
0.9962029222413773
0.9947064568304804
0.9867718224853416
0.974970777332381
0.9684119202364503
0.9646788212316003
0.9614407718392068
0.9752036083030162
0.9825947379170642
0.9836400851032711
0.984110894869887
0.9890349930520549
0.9850277713664471
0.9810870541434219
0.9882340677678078
0.9878102027948855
0.9872450572918177
0.9908850312330536
0.986987638664684
0.986609587854155
0.9857445490743391
0.9858423305876344
0.9788265056520306
0.966031147142122
0.9719081717068669
0.9773126872649719
0.978688073681634
0.9936592391155729
0.9949087258689177
1.005454336011206
1.0026352094648132
0.9950235009004433
0.9915160775005134
0.9863819955062797
0.9924151239339313
1.014553356116117
1.0093533823025689
0.997075620649181
0.9935470593700889
0.9917945978924049
0.9881745198234223
0.9804640943585216
0.979541955379242
0.9777745991038401
0.9802440270547763
0.9834920646471694
0.9933051687493656
0.9960610667446065
0.9942178174724877
0.9943752702414982
0.9903656010658491
0.9866339691219701
0.9763326043494881
0.9894766029745425
0.9973424508284595
0.9923536265694811
0.9886833484293965
0.9912679133886375
0.9916964144923626
0.986103972498476
0.9793570297916196
0.9684520906790717
0.9651739083362915
0.9640254451033485
0.9821187309639022
0.9918079919339848
0.9985962885190094
0.9925590998315278
0.9892509965714654
0.9862515209451462
0.9825331709280243
0.9847962390642483
0.9797896857528471
0.9671314079898572
0.9697998089210421
0.9692692057073512
0.9656431987109769
0.9646699710374897
0.9645336832345716
0.9625753526337977
0.9557298698409101
0.9822907758302825
1.0030275589316162
1.0044837473879946
1.002948918333116
0.9934899151383381
0.9877303227522006
0.9877178879450519
0.9845445916602587
0.9751866853703791
0.9873573111514876
0.9857137917487165
0.9790168241264786
0.9754296469102058
0.9739115819196211
0.9718940240869365
0.9687571970566203
0.970973355091866
0.9784518174190839
0.983810227832651
0.9872594731968998
0.9869068296657351
0.9846450293913391
0.9789125997082319
0.9817129808235598
0.9788800159207618
0.9822547836213236
0.9741355712246068
0.9761100108432301
0.9761979438869172
0.9737630904836018
0.9656844217309429
0.9541972310547906
0.9617528042816496
0.9697328429454554
0.9909486582732167
0.9936435507017383
0.9931443475646909
0.9905647128753753
0.9906100176686848
0.9854293842690255
0.9774023581806336
0.9789438792612639
0.9727771414076609
0.9629888878109206
0.9628830169445536
0.9618835289450556
0.961098588171414
0.9577167896087709
0.9667286019109045
0.9750135847129516
0.9894272050135157
0.991996240214804
0.998364155978701
0.9984207314710997
0.9934097129966145
0.9869471506743083
0.9806800201180608
0.9825890265007675
0.9812292175520452
0.9844035289528184
0.9859643230473775
0.9778533439599134
0.9615180759993307
0.9474848892200992
0.9514017668061996
0.9523468130908257
0.9718201066358375
0.9921158822051722
0.9845583427442377
0.985258909917624
0.98272164026131
0.9828029255689454
0.9800688585072153
0.9766229621395695
0.9857539292834168
0.9787123181842285
0.983458909942152
0.9821727449994583
0.9806137059795534
0.9790260528089135
0.9789753845166929
0.9959301299708145
0.9918367776830732
0.9881887969059583
1.0033514052743364
0.9940796182111911
0.9888441731296402
0.9905428981571542
0.9955202038052601
0.9925175524519932
0.9932944508248553
0.9974731219103784
0.9913619748182227
0.9930501749202519
1.0029830373745752
1.0058662179386888
1.0021827548293245
0.9971074186053677
0.9952939394352324
0.9960092177479596
0.9935656076172048
0.9921506453333092
0.9931330075004603
0.9959181436648449
0.9937939304322593
0.9863072656586972
0.9909637244957875
0.9927989158598725
0.9934250099350216
0.9904133097989452
0.9862302643083843
0.9871730788404766
0.9828797330422916
0.9868929678696894
1.0024559635923858
1.0285037640552692
1.0283046757021355
1.0070308658368037
1.0040672988705042
0.9966567583899292
0.9919945932892599
0.9779476085264871
0.9818910186273747
0.9700649231211024
0.9807697064598714
0.9688962023446461
0.9665408934768777
0.9617485330270192
0.9748293777489278
1.0287740096724705
1.021557694602864
1.0063992314373065
1.0004641350035024
0.9936713486385684
0.9906284021914914
0.9874862136631407
0.9743738002818509
0.9841731646057134
0.9821370552268309
0.9837916813786918
0.9849499365425282
0.9864044467821327
0.985873971842097
0.9880654019261198
0.9983137275698813
1.0006096837305394
0.9918867482744197
0.9904032293091902
0.9806708488191505
0.9735971262481624
0.9703290833965948
0.9718385420363348
0.9695780448038345
0.9689676731999527
0.9778810235100949
0.9725639063149305
0.9820415931909995
0.9788888664818763
0.9780192385831626
0.9751820746294636
0.9751222484235691
0.9816712188978517
0.9935469594363259
0.9904446158212349
0.9915100287656337
0.9860085311773541
0.9775040758786542
0.9725853482841706
0.9732960419284868
0.9737758064358881
0.9717987659346338
0.9739766501293254
0.9798658995237407
0.9841859974535994
0.9900126834005563
0.9914776872268836
0.9862665063980279
0.9826036085146567
0.9875915060594868
0.9877450552049921
0.9963584587500207
1.0037869103368504
1.0032111692450159
0.9947465169960232
0.9856963746177242
0.9782431802948722
0.9703835248205652
0.9691503577558305
0.9726649610675661
0.973468829514188
0.9723726106714725
0.9731719300393128
0.9779334042280154
0.972413630758932
0.9849771592039744
0.9807452183249079
0.9793832374398264
0.9752853699296399
0.979436793320493
0.9834042382096165
0.9776804242806784
0.9801832421231563
0.9827090169596991
0.9714702034412336
0.9657308660688685
0.9627319933222579
0.965181697179522
0.9654505840509238
0.966528255296814
0.9687779077456107
0.9602312379276184
0.9655061590905567
0.9777799269453223
0.9808162975646554
0.9796910841554549
0.9805423587442953
0.9729717160988173
0.9745273173467733
0.991015947133586
1.0087692079915458
0.9915442080332394
0.9833567448454272
0.9760050614112998
0.9709664917314804
0.9688670246900383
0.9682987703317394
0.967628907431413
0.9707940984395717
0.9710267229303825
0.9708206601372676
0.9750958482411322
0.996947321315653
0.9972382002139653
0.9933429915797386
0.9862201562763055
0.9832082500558957
0.9863763157658568
1.0091677094650235
1.0274263173891771
1.0124187720903506
1.0071533696463815
0.9983840584494058
0.9902036614781587
0.9861251123903045
0.9844266935140563
0.9866557650351063
0.9850419231198461
0.9827021515194645
0.9847303141292929
0.9904328630624502
0.9915048323970101
0.9827026103481888
0.9741973305604408
0.9854119549560804
1.0037778440652427
1.0195873941048472
1.0111955580006724
1.0047790190460095
0.9907472267102029
0.9836348760812917
0.9788628245474925
0.9764252376311598
0.9767186705548045
0.9838002068470388
0.9874473645976994
0.9890127506678327
0.980099643705397
0.9790661892764887
0.9758616920237079
0.9827917815239318
0.9885324641836886
1.0115164322841723
0.9957800082566561
0.9881535256286669
0.9769172251527313
0.9700251430919703
0.9660887063320582
0.9649179003460842
0.9678546039836085
0.9727826054751666
0.9646047453137769
0.9712617132722735
0.9703803239168358
0.9694026079031189
0.9680456704751973
0.9694412616200839
1.0070565060392862
1.0176037853063298
1.017640251331164
1.0162219486101274
1.0143066584604994
1.0136635843269206
1.0072405861512228
1.005328154036247
1.0095503935921997
1.0063703725075477
1.0026079222383777
0.9985428818811161
0.996713217887035
0.987558130300479
0.9873015273169291
0.9871424911535069
0.9884097568840754
0.9886512878179613
0.9868474022543245
0.9855384071600773
0.9745561940697288
0.9698842369453561
0.96944850516864
0.9739853871832479
0.9718166669722755
0.9775731219750778
0.9886794469936764
0.9959035566419986
0.9974256902529167
0.9971044773476813
0.9896894508068392
0.9879751009414395
0.9817040436868648
0.9799617987921482
0.9843427909376323
0.99654047559535
0.9857398882121555
0.9931818970801968
0.9920976626598993
0.9878372183784335
0.9764570352010474
0.9663109136304471
0.9649635951032072
0.97223341161267
0.9777932381696112
0.9302606856282981
0.9409782246344403
0.9451447047064413
0.9501095016049231
0.9472316916082892
0.9536010333695907
0.9514343189866559
0.9443727291842968
0.9474223636473554
0.9434645676732917
0.9367101244224291
0.9495850974210733
0.9566356502211893
0.9586682157718139
0.9598691124083089
0.9515054867148823
0.9484624051835671
0.9473984872032172
0.9496918817606944
0.9530479687274895
0.9674061396357565
0.9767869173552923
0.9874913771175368
0.9843838859293755
0.984203867649115
0.9769969361732959
0.973526451229963
0.9744062235081375
0.9745497151007192
0.9732740181152891
0.9670645267184003
0.9778296605960993
0.9791151697829105
0.9720850441511794
0.9659671649598383
0.9608577095990996
0.9581367809529433
0.9510749553820872
0.9534958189220291
0.9398571623698853
0.9727397472212242
0.9773050842628735
0.9879579942833071
0.987543143062809
0.9842499512431704
0.981309638222365
0.9862640254064555
0.990915521242097
0.99099160924586
0.9928979594704909
0.9896741120207629
0.9842057309396787
0.9773105198942349
0.9708961997530121
0.9710634858301646
0.9726069874052166
0.960956685781129
0.9688477652532606
0.9888513970913189
0.9930074542463146
0.9905237115387426
0.9881902784713469
0.9821810652288796
0.9816766483437697
0.9789952421523632
1.0035822455931593
1.009329772639935
1.0094886699375536
1.0044589668470207
0.9981603135556429
0.9917710327568341
0.9834178574066006
0.98278978750958
0.9691976854396063
0.9610995480254135
0.9846542448335863
1.000107789389002
0.9974988344920784
0.9938074323557123
0.9919840264967905
0.9869323913622098
0.988274770097581
0.9912115407514809
0.9841794780691319
0.9910048621588523
0.9954985115242405
0.9913121250978211
0.9851861996492879
0.9718553052512164
0.9747086180050073
0.9788875378489369
0.9777782684560996
0.9721849352328144
0.9847866877727132
0.9890697773856171
0.9847999708338319
0.9815709535199016
0.9770899090670375
0.9790878778139205
0.9774799380924492
0.9944415399671669
0.990410681768029
0.9809933618029714
0.9812813809209596
0.9739061026803114
0.962098503486476
0.9722015517656417
0.9778025345219572
0.9734109915762869
0.9976298225079134
1.000882467913241
0.9968677855988165
1.0014684468506474
1.0004102946888962
0.9981417500335947
0.99329283487709
0.9882226377463436
0.9900413656515101
1.009740057704548
1.0070683676938625
1.0013139796420314
0.9949968567168203
0.9834006659830404
0.9715831927331827
0.9762475389425106
0.9830918165721839
0.9818176376496829
0.9905122691261495
1.0031036732649428
0.9986071544552612
0.9986149718744554
0.9904291431399564
0.9917550328773891
0.9870880291768597
1.002252115249243
0.9954208200983296
0.9896616309875736
0.9865190929595712
0.9793037147342325
0.9829579559245114
0.962083224881361
0.9590282829392531
0.9655666692425864
0.9865328249657278
1.0006153243501632
1.006171349818581
1.0028169474151858
1.0005079081684827
0.9945555606087105
0.9929127844557931
0.9911673958896052
0.9856950937742659
1.0130052241102085
1.0005120044546207
0.9947824646476054
0.9872102717992305
0.9873413482472297
0.9891334183790857
0.9912398623514616
0.9991767639745942
0.9966918381446412
0.9942356866842647
0.9859974893113052
0.9967675537213609
0.9886417899635377
0.9779289709569238
0.9774367719043551
0.9784023559736476
0.9803665508818501
0.9788675068789847
0.9773116505096175
0.9765433796539941
0.984620436779462
0.9824188552899673
0.9825303005315081
0.9838056897342047
0.9854558165683067
0.9814578417178249
0.9806583428243608
0.9975266065367684
0.9944192543362275
0.9942960902208092
0.993617702558025
0.9939605561053507
0.991551515580274
0.9887247580551679
0.9846274225930568
0.9809315166505349
0.9815472801775708
0.9807290884425632
0.9821519394411325
0.9805645942449726
0.9814436598322593
1.007927534267787
1.0181794350558397
1.0099056927341687
1.0095329613247097
1.0039013125405623
0.9952519653796461
0.9872945841673069
0.9852175303161073
0.9784543643810981
0.9692499486314123
0.9721569757496915
0.9707870479787915
0.9718649420347467
0.9723375808721916
0.9704104659583169
0.9698354289155698
0.9701438566127281
0.9697724593608693
0.9683172989187306
0.9726338347219514
0.9839323911108075
0.9924630333613768
0.9912147888186321
0.9975314766404586
0.9939104195454699
0.9882295593560912
0.9808399921629376
0.9817940800143202
0.9810312358607587
0.9848733226323273
0.9844766634239722
0.9743135188120786
0.9716825573093957
0.9714418781980009
0.9720218026365834
0.9740530136775051
0.9766341950269282
0.9750320343401153
0.9735184395358164
0.9725486228215009
0.9807413243473229
0.9933148848949471
1.001617715832518
1.0111177404362357
1.0115859616028724
1.0089473232376964
0.9938040264326541
0.9958849022882141
0.9899860795138138
0.9861916957301676
0.9839635761182177
0.9798345799267776
0.9716705067318745
0.9764283104504837
0.9742385845337188
0.9723692151523228
0.9733425397276995
0.9720227927512188
0.9723114880778461
0.9698644045105754
0.9704172491196638
0.9699395139761102
1.0000426297328566
1.0000037475625019
1.0012720548033878
0.9880072837769707
0.9789331655928152
0.9744724272635988
0.971568145805506
0.975217399702114
0.9681655382662098
0.977376858915191
0.9729503346451299
0.9689721196603377
0.9702991560237492
0.9693426963265193
0.9691823546012235
0.9698844886963734
0.9699386996032175
0.9691223065292434
0.9784148073330747
0.9877270251367165
1.0075869445066399
1.0028411467519363
0.9952492911225176
0.9873298011907491
0.9755363016251496
0.9693711032548503
0.9668839309579398
0.9660507230021168
0.962398801074939
0.9622571152749309
0.9546548221651204
0.956480930800219
0.9638819018945862
0.963714505330201
0.9673566741174859
0.9668886017202453
0.9704202330202122
0.9712853693503434
0.9763745426021782
1.001381725535734
1.0081772015932318
1.0111292557212883
1.0059166264151933
0.9961468115569148
0.9887444895082257
0.9785693123604721
0.9757469282176995
0.996658180914972
0.9930764945048267
0.9905283721959546
0.9902832906941325
0.9898318286134571
0.9893861106891724
0.9888341273175189
0.9882942722735819
0.9911356484558812
0.9909573993870887
0.9929171980856548
1.024573291120665
1.0133133702093888
1.0159464124291682
1.0085293388933407
0.9900006930841981
0.9794727521182897
0.9776622464294534
0.9762393980903211
0.9715173646439496
0.9762734641559107
0.9633923067838293
0.9656183275347225
0.966652141059548
0.9669557889641728
0.9688404164413719
0.9690998223864543
0.9712564515780973
0.9703613580022992
0.9731590395399814
0.97723593699812
1.0030560257042902
1.006520322613708
1.006989994230645
0.9876666430490026
0.9683785759149898
0.964837496742506
0.9622295025568818
0.95864515797705
0.9574754631880796
0.9541606964640543
0.9539683278591817
0.9550771723513226
0.9549264871183273
0.9578869675728086
0.958100886352383
0.9607993406154139
0.9735825410165897
1.003674509085721
1.0056942191488396
0.9969892000394093
0.9821224961920128
0.9714699517100542
0.9726695402283301
0.9700528171427376
0.9667558681424975
0.9658830764782382
0.9610660144155219
0.9656551799502296
0.970435944117371
0.9715568115393777
0.9723890538020915
0.973470689967966
0.9754832964386257
0.9851246564327291
1.009043829001854
1.0357531975282017
1.0354955581447784
1.0181597037713515
0.9947619546615705
0.9888990363579861
0.9834274886287264
0.9861238854841455
0.9806188480734174
0.9725098814451338
0.9792735047891775
0.9778254782907264
0.9777709963080393
0.9787326446980162
0.9790247703645601
0.9808461601727599
0.9823079432996908
0.9881502626880365
0.9878307818384363
0.984146631223897
0.984502504105389
0.98591782168487
0.9795407125939186
0.9855469561485279
0.9888652277787439
0.9875028291231476
0.983705720574256
0.9876172182382773
0.9878467355821726
0.9840783241309573
0.9816238300390914
0.9808565214851899
0.9806424200057227
0.9789523794277472
0.9778977575704129
0.97663262757492
0.9707735792186266
0.9600035583581054
0.9493611015793
0.9482831468896443
0.9484074482644228
0.9464068712436222
0.9666266279947379
0.9990364378011705
0.9975143747514026
0.9935510893639854
0.9816931838932329
0.9712879182845945
0.9762595730387051
0.983194353732983
0.9603370145787882
0.9679300698789235
0.9721021958928094
0.9746301322575089
0.9739175385179153
0.9606409432493037
0.9504645640237522
0.9565586833988537
0.9676475765828131
0.9834704887325839
0.9864352775648506
1.0040910296576506
0.9969721098631678
0.9967974410096493
0.9904669280249215
0.9885988470930495
0.9846411354478211
0.9814567666890344
0.9685971147389298
0.9774907600086684
0.9827891582974153
0.9822981763427233
0.9821356213425141
0.9775527655951669
0.974670445018485
0.964971613177725
0.9646965996349153
0.9623768568568551
0.9729163828939226
0.9956987085831187
0.9900946502535245
0.9820336705629923
0.98319767098466
0.9791658552568502
0.9830113768424954
0.9956333363602522
0.9930897009657303
0.9882717296754664
0.9883151369650257
0.987531660141001
0.9789598590872216
0.9686698355189189
0.9623346972571425
0.9611111954501641
0.9824497479489556
0.9994057510644577
0.9975941766619136
0.9879898649007689
0.9856844926677176
0.9807455876552041
0.9824555252268596
0.9833065701529967
0.9839143750675824
0.9983039837014632
0.9952586362447605
0.994526638885559
0.9933583170779356
0.983426163872382
0.9705559586626875
0.959514785708955
0.9531622601559632
0.9702212071116147
0.9890493205455697
0.971444370540415
0.9654739083365196
0.9634802186459196
0.9697751580283822
0.9713496182464205
1.0019546501703387
1.000579753418489
0.9977627483797451
0.9922744131031453
0.9899045087021
0.9831560386762622
0.9819859919772713
0.9744705246227848
0.9670074916948121
0.9780287834583761
0.9999783919601314
0.9745412762175182
0.9758366301844755
0.9733752842309547
0.9752199807749476
0.9748533373147112
0.9753179225443449
0.9781595549410674
0.9702641145357229
0.9805002812803494
0.9788604799640134
0.9761652871058106
0.9694351824932604
0.9624666248289593
0.9604738031489347
0.9573331940410511
0.96337627737724
0.9902312663898634
1.002030615525641
0.9900881019134019
0.9954847549391128
0.9942940861380701
0.9920105712816714
0.9851535493056204
0.9820751086552509
0.9754707617148586
0.9706353661422881
0.9701695857101259
0.9718515165451805
0.9699434483250261
0.9599895934328383
0.956272960526526
0.9508059777850254
0.9513357214891577
0.9743581181907177
0.9932766766783119
0.9842191810266431
0.9825044779107881
0.9770134372934095
0.9726270480877034
0.9734958429301627
0.9682755476980195
0.9605483936836786
0.9604420820569668
0.9618620733005664
0.9581216716255878
0.9467005232020689
0.9390794276397397
0.9373501712081352
0.9455932313172656
0.9588713807639643
0.9708386921896822
0.9592386656682447
0.9646936812767494
0.9595513233714037
0.9610974999735166
0.9622520654548729
0.9656951042431445
0.9608266388175508
0.9668067189197086
0.9656585746908781
0.9646671449553291
0.9573574688832515
0.946708681195026
0.93828024668907
0.9382128908544494
0.9470755093681127
0.9622356504885204
0.9665286159494745
0.9657271398209254
0.9685753243713348
0.9689866300256359
0.9670869532581807
0.9751789963381121
0.9802970494845389
0.9714160783975309
0.9752289607970931
0.9786971462849873
0.9818490105252252
0.9808720987639151
0.9831240059523108
0.9813858371719791
0.9985791114153049
0.9836500135982585
0.9941839699231839
0.9896516392694207
0.9826097918496705
0.9827391769452455
0.9719645375645591
0.9625308616697151
0.95994756097273
0.9635958733279133
0.969801215836807
0.9710423424392391
0.9730066281233406
0.9765928829410218
0.9830053378446816
0.9918983422231374
0.9901563893497112
0.9931731365005454
0.9876695212258358
0.9838806621915221
0.9790058284682588
0.975961562712243
0.9791844091168648
0.9782646047590977
0.9764513060285396
0.9731152559570383
0.9727011664830876
0.9791722110065009
0.9829043695845272
0.9914359356438882
0.9977719362931373
0.9952202659893129
0.9924259004014604
0.9869819785843912
0.9780318211761265
0.9771212461368187
0.973574315104706
0.9938107170405807
1.0224599128344323
1.0101374318975098
0.9972825345427857
0.9868234310104609
0.9788238072522938
0.9768934797410185
0.9784225029600492
0.9751687684362126
0.9785843211360798
0.9765645723360088
0.9775759501790209
0.9789460425671823
0.9784922021221792
0.978017013127502
0.9731765941552356
0.9689897538938872
0.974236631769385
0.975387220212814
0.9917415075184451
1.0018731401944767
0.9922626140181254
0.9981881166237094
0.9916405307654709
0.9832229619237729
0.9774835717073516
0.974701537583898
0.9741233870558376
0.9747885117527475
0.9778460596699311
0.9886658046929259
0.9874466259472914
0.9877607153744911
0.9884391587920767
0.9847677621693407
0.9785877720425747
0.9777471107161357
0.9736618946585781
0.985589257636969
1.007489298437123
1.0021789864249881
0.9952451806383568
0.9911798638622007
0.9797939448790894
0.9747517214090948
0.9739283438893012
0.9739211366521371
0.9755759409735301
0.9766901714010193
0.9745251192968536
0.9826430069596541
0.9873989127052407
0.9845032809852792
0.9834591164938932
0.9736392906043719
0.969665288350739
0.9870617020921024
1.009226685261779
0.9986042051122621
0.9951911748440193
0.9916630428539956
0.9855392533021117
0.9765503863453892
0.9732501064860795
0.9749910168890701
0.9775734904473296
0.9790807557416631
0.9781808806221176
0.9829016385210573
0.9745524535645543
0.9842463632861016
0.9851030086369318
0.9799767501111881
0.9710374533895731
0.9757712736321718
0.985409146210801
0.9959142679535372
0.9971227085505882
0.9872440159156212
0.9775346325315829
0.9744584827801596
0.975942807216257
0.9811096254386359
0.9816982437415501
0.9823502272416601
0.9853458361776386
0.9802444262222405
0.9869845763200427
0.9859112916735729
0.9837187303439324
0.9826485744050989
0.9774770047618653
0.9793590354747249
0.988333816755426
1.0069350706789508
1.0195533773798189
1.002958593310663
0.9968649408338848
0.9893144560470643
0.9797282787480143
0.9783404376081429
0.9789770421398899
0.9810376427825034
0.9775647313147654
0.9767216432058251
0.9809639505111502
0.988889724258308
0.9851061871993242
0.9826610601028453
0.9769695900632152
0.983522142181058
1.0013411146132845
0.9700930449044354
0.9656369500228762
0.9637649520639652
0.9597007525711355
0.9489967432206151
0.9510015799480208
0.9543535242747351
0.954214449184115
0.9565981453937905
0.962294947540938
0.9678541023763892
0.9684852659715975
0.9732478904504535
0.9713561230872187
0.9709717215473325
0.9640390417924771
0.9645662317044248
0.9722475750687568
0.9962524626689716
1.0009908256993556
0.9890663707116496
0.9735727616965952
0.9706955618858019
0.9699678762603562
0.9701472367658827
0.9688383940874538
0.9717944566137355
0.9824062542236569
0.9775865569869541
0.9892633831805857
0.9817241317109354
0.9793827689882492
0.9735922106819409
0.9750751038702155
0.968390680715094
0.9992234850702072
1.0187170921524904
1.0053289606987421
0.993872635916997
0.9876989601293008
0.9799126304323118
0.9751868836129273
0.9801261946760333
0.9789646743867707
0.9796765971588548
0.9748075577093449
0.9764222242173006
0.9816781053580192
0.980436613413816
0.9753489960805769
0.9682557963332243
0.96906654089885
0.9646544006152277
0.981966416635821
1.000329497249709
0.9929804095265496
0.9919347329468217
0.9824528420931056
0.9719649404693026
0.967013520317624
0.9680320417462606
0.9740323818371841
0.9741988671241427
0.9783009103724151
0.9796856081821853
0.9784109183699147
0.9773470939412253
0.9800417744807194
0.9794110959784184
0.9785102630698951
0.9733926347959304
0.9726226493453047
0.9765919002240563
0.9809913505274072
0.9707874573138796
0.9784822561056845
0.9828461660378424
0.9826859776939404
0.9820716877568286
0.9821703207601857
0.9760998864111872
0.9717971835155559
0.9752390634543833
0.9737871440543103
0.9753664879176189
0.9745148478527189
0.9742411801692813
0.9752219773160088
0.9742504920663382
0.9759328349826197
0.9775294267778278
0.9802050489214348
0.985158692126677
0.9841960984479815
0.9747487735935135
0.9643249417708664
0.9528049396827167
0.9567007248041887
0.9466633451455245
0.9706346292932291
0.9800894460245384
0.9863300766141188
0.982158522442626
0.9786750230222456
0.9729973388819175
0.9789373638643197
0.9824882446985564
0.9821420154434167
0.9744675298873372
0.9778600772067496
0.9751672903009895
0.9743728997072963
0.9739960732157886
0.969869746819337
0.962144247891043
0.9564770921324223
0.9563123439986783
0.9570041958846428
0.9557903070489757
0.9740558899193505
0.9850873734936283
0.9959419865152078
0.9902414212602014
0.9864797469465786
0.987173603288669
0.9895663626777054
1.0106403630374057
1.0048054228672119
0.998791205260225
0.9995163771852339
0.9878896202702837
0.981942288397332
0.9815013634874294
0.9753957036780193
0.9709811865891745
0.9783667955478073
0.9963052309418244
0.9965075663928681
0.9895692286110799
0.9888904202670239
0.988504067838091
0.991573077626278
1.0138088941972851
1.013886719210002
1.0056345328436076
1.0014972071606811
0.9957790390336345
0.9928571171940397
0.9813775420596437
0.9809157755278758
0.9760156162641049
0.9696817604313615
0.9870686897412139
0.9865897994295113
0.9900348391717789
0.989953355070854
0.9889546239771048
0.98067498642911
0.9826731672585006
0.9687044145663312
0.9483246829564519
0.9652370402200856
0.9690100172574726
0.9676188795367682
0.9656964240906549
0.9606627778205976
0.9531322400369121
0.9558560912871457
0.9502156231681528
0.9695751725851675
0.9991318314849292
0.9873419309041442
0.9869735631897509
0.9843168726608138
0.9775092787873784
0.9853791202402499
0.9847582863662808
0.9900734246954582
0.9826923615849462
0.9768994265029107
0.9766898205956671
0.9755587363086243
0.9723364714529249
0.9581532481651581
0.9561795653474922
0.9569437324218589
0.9482722923166375
0.9730225282048994
0.9939174416537427
0.9948018880541603
0.9961340162913813
0.9903737060983498
0.9860609800743187
0.987649686041642
0.9822791361614936
0.9821375022582967
0.9998701924891459
0.9984677656825689
0.9968915089456988
0.9915345855117643
0.980229143454226
0.9699265669317384
0.9660355268832899
0.9665663873449375
0.9640967951224149
0.9709211818795371
0.9872177134280541
0.986821151628827
0.9876022725649317
0.9882775798584992
0.9822696971090277
0.9776986029048002
0.9794968501947245
0.9751696877311029
0.9594894196099107
0.9735090657007602
0.974133884126097
0.9705601167540856
0.9636025974584118
0.9568154811182148
0.9626275069366713
0.9730228116330334
0.9979193668033864
0.9944776438908653
1.0064276414977826
1.001335359725692
0.9960847175359446
0.9939032875505031
0.9899870231511275
0.9954819610441344
0.9975007425371551
0.9960688539582396
0.9917670651027389
0.9804621861164429
0.9707734553959426
0.9720793286681644
0.968604430534669
0.9644708839422808
0.9763042850770641
1.0105605032296516
0.9942473225212228
0.9889878944573357
0.9906838395119908
0.9834666933812243
0.9815924899536899
0.983016011058814
0.9659434836031991
0.975877118473596
0.9743224041053984
0.9752966017253389
0.9695668332849412
0.9609595101066936
0.952596782337293
0.9514185868425884
0.9604540117060423
0.9749816475506597
0.9739481334874664
0.9738965025282365
0.970277285379749
0.9722570719811234
0.9684269072902606
0.9739264840528651
1.003770618621971
0.9972185544214119
0.9886430121924227
0.9878884935580537
0.9895428105456084
0.9920162109638511
0.9895622642996983
0.9971320919722421
0.9953813303136658
0.9906302841684304
0.9968016217469292
0.9922738175995488
0.9930674701810461
0.9748210858611944
0.9904538980003271
0.9864867905426511
0.9877516204962269
0.9840997578230389
0.9884353839876666
0.9855994676440499
0.9864852575769727
0.985635847816178
0.9818180218123007
0.9749460417446252
0.9817863567413131
0.9886901630342438
0.9886781059399791
0.9873751346086859
0.9882764247464024
0.9856425601607781
0.9841997007838379
0.9861076865934932
0.9834582084193908
0.9872344245049157
0.9825083945887498
0.9769973271232935
0.9785289847887235
0.97620802490082
0.9776207913653725
0.9795102856368563
0.9794131340411961
1.0028038087896496
1.004458408666424
1.002490302320914
0.9997098984407109
0.9866309704887013
0.9777599270293286
0.9717590214562307
0.9701957219707964
0.9673274049783551
0.9702141934994366
0.9739370544516706
0.9745733946968389
0.9770891294217884
0.9773351064281726
0.9787121645203346
0.9774164146241261
0.9770012335752635
0.9766336075658875
0.9758071202544092
0.9940103767215421
0.9988005209569863
0.9973223449066707
0.9867265846603194
0.9672042196642603
0.9617890717743314
0.9554752306872444
0.9495352445303578
0.945701724037508
0.9420835957263105
0.9536433463142587
0.956026696113812
0.9582946333554485
0.9581553731426662
0.9599128479323535
0.9591643679314026
0.9730677539433032
1.0038759306292535
1.0121353593893692
0.9962060882303917
0.9793835739264996
0.9735361847478653
0.9728776587536089
0.9668892818362272
0.9532540812070006
0.9507908187182587
0.9571327271549251
0.9591364457027415
0.960348731858443
0.9618849985659118
0.9670127918503802
0.9777989169389063
0.9992967885043472
1.0088728050693367
1.0080291334210356
0.9975546313066989
0.9818485604161736
0.9763998445301937
0.9759869041040343
0.973624936743969
0.9623165955422442
0.9741480283412103
0.9693823983232938
0.9734474192426522
0.9737413915657229
0.9768360573030331
0.9798389892069556
0.9766213847216739
0.973680165241576
1.0321707578015469
1.0298118831184402
1.0178189617661337
1.003282442098884
0.993132268168323
0.9899333960449893
0.9839736824637947
1.007362710964194
1.0083690662650275
1.0048010361966024
1.0042631126455364
1.0042042808057543
1.0045973134307529
1.0023191154452362
1.0000539850027108
0.9974870199728237
0.9985255903767413
1.0137627377815683
1.0402257901585943
1.0362372953546262
1.0283024170744814
1.0143618336034976
1.0031697690415184
1.0012321904904598
0.9962885507358465
0.9908138434982839
0.9809431119207332
0.963813454181749
0.9695930865385894
0.9717902187453986
0.9708787447064595
0.9741085386891911
0.9714587003199106
0.9731321050697471
0.9728586140136152
0.9752396535393189
0.9881285854866035
1.0143931825939647
1.0105192864463879
1.0056376038027506
0.9922438115960369
0.980965780001586
0.9797334312859115
0.9777159960783757
0.9709445704284182
0.9759996580765037
0.9659732307988459
0.9704749369974731
0.9731496695154259
0.9754465399480824
0.9780876165235692
0.9792012714896025
0.97758302325216
0.97628343930534
0.9756533881797244
0.9713940166601318
0.9713279979959958
0.9740461115356766
0.9954966528609731
1.0052314755403833
1.0093495110644912
1.002472200512988
0.980605901488834
0.9658164893493327
0.967080385551073
0.9655079080592895
0.9688412469157417
0.9606711200677325
0.9685300095545739
0.9730779462374205
0.9751892386704516
0.977434716418065
0.9773691856770887
0.9784460633576856
0.9773131443540855
0.9761663963910849
0.9758162012294178
0.9841051262760568
1.0082982946913146
1.0061471284048695
1.00260051919148
0.9898730011322356
0.9764098083421373
0.9716336207060795
0.9719336409972924
0.9709050910631681
0.9884756516360639
0.9821915300401077
0.980906133492439
0.9848813570882903
0.9846026578057129
0.9820907129085011
0.9817608816936093
0.982906721911165
0.9881217544460147
0.9877901377886574
0.986856286605548
0.9969553341166251
1.0157794641006186
1.0190216304335975
1.0196306830929196
1.0040080584074678
0.9828082316076716
0.9770210839136788
0.9716742453098188
0.9796364687412951
0.9720902559506477
0.9690167242897784
0.9696888175410474
0.9716273444410817
0.974506228696685
0.9722581481177308
0.9758278248243801
0.9782655686818292
0.9829634912429093
0.9768527240259797
0.9826699715919145
0.9822194907478927
0.9747705431547113
0.978329236513811
0.9802829862750083
0.976847385638273
0.9756578432035602
0.9751244195935379
0.975437131849162
0.9780139695834079
0.9797708324181426
0.9806927674084414
0.9817044296811417
0.9808812051932242
0.9842006149026825
0.9828083264701419
0.9858954279902523
0.9844186120350248
0.9757065523340703
0.972524984563071
0.9729232432071441
0.9786949118041111
0.96354099684815
0.9553951331845731
0.9436192813571554
0.9967270109465391
1.006625403974919
1.0371471247103703
1.0409689070849013
1.0296823992547564
1.0208943569082924
1.0130321403040687
1.0089646953439229
1.0075340473195793
1.0151240693243582
1.0156293916334245
1.001354470972908
1.0085851757976039
1.0012894177452776
0.9966191832652839
0.9917612919657363
0.9848455623081596
0.9739738393107099
0.9658779121304658
0.984516019389234
1.0070749069194174
1.0102791378848428
1.00811476015417
1.0009229495861147
