0.426 0.687 0.578
0.414 0.68 0.551
0.418 0.707 0.551
0.418 0.707 0.543
0.414 0.695 0.555
0.414 0.707 0.547
0.406 0.699 0.562
0.430 0.699 0.547
0.430 0.699 0.586
0.375 0.789 0.52
0.328 0.781 0.49
0.320 0.777 0.598
0.391 0.613 0.793
0.277 0.879 0.562
.285 0.824 0.578
0.402 0.473 0.645
0.379 0.699 0.582
0.383 0.617 0.523
0.273 0.52 0.625
0.348 1.02 0.332
0.367 0.98 0.797
0.469 0.645 0.66
0.160 0.73 0.492
-0.043 0.949 -0.332
-0.496 0.781 -0.098
-0.559 0.895 -0.039
-0.469 0.785 -0.219
-0.352 0.926 -0.156
-0.242 0.723 -0.168
-0.289 0.684 -0.285
0.117 0.703 -0.02
0.035 1.066 -0.227
-0.168 0.902 -0.422
-0.062 0.875 -0.473
-0.070 0.699 -0.676
-0.020 0.789 -0.664
-0.113 0.715 -0.625
0.195 0.68 -0.797
0.117 0.793 -0.516
0.652 0.555 -0.93
0.215 0.902 -0.617
0.590 1.152 -0.648
0.676 0.672 -0.402
0.535 -0.145 -0.078
1.004 -0.309 0.266
0.730 0.191 0.25
0.828 0.289 -0.125
1.027 0.535 0.113
0.492 0.148 0.016
1.059 0.187 0.121
0.949 0.145 0.012
1.047 0.094 -0.004
0.937 0.102 -0.016
1.016 0.109 -0.082
0.941 0.16 -0.133
0.937 0.16 -0.16
0.953 0.09 -0.215
0.902 0.016 -0.289
0.949 -0.082 -0.371
0.930 -0.09 -0.383
0.879 -0.129 -0.41
0.805 -0.102 -0.508
0.887 -0.145 -0.445
0.781 -0.152 -0.48
0.734 -0.766 0.078
1.020 -0.133 -0.285
0.953 -0.195 -0.23
0.883 -0.281 -0.184
0.867 -0.25 -0.199
0.961 -0.07 -0.164
0.918 -0.031 -0.145
0.973 -0.109 -0.148
0.988 -0.023 -0.184
0.902 -0.191 -0.16
0.996 -0.273 -0.145
0.828 -0.285 -0.086
1.043 -0.285 -0.156
1.004 -0.312 -0.152
0.941 -0.164 -0.25
0.859 -0.18 -0.266
0.910 -0.293 -0.277
0.836 -0.242 -0.102
0.879 -0.273 0.004
0.891 -0.25 -0.016
0.980 -0.117 -0.031
0.977 -0.34 -0.031
0.984 -0.324 -0.051
0.941 -0.254 -0.055
0.934 -0.367 -0.047
0.891 -0.387 -0.152
0.992 -0.234 -0.281
0.867 -0.137 -0.301
0.930 -0.414 -0.105
0.687 -0.355 -0.184
0.922 -0.082 -0.168
0.969 -0.379 -0.117
0.941 -0.285 -0.137
0.937 -0.289 -0.133
0.914 -0.336 -0.133
0.930 -0.27 -0.141
0.941 -0.238 -0.152
0.934 -0.215 -0.16
0.973 -0.289 -0.125
0.973 -0.27 -0.133
0.937 -0.203 -0.168
0.922 -0.34 -0.145
0.891 -0.305 -0.164
0.937 -0.273 -0.137
0.945 -0.234 -0.133
0.937 -0.262 -0.164
0.926 -0.25 -0.141
0.937 -0.254 -0.148
0.934 -0.242 -0.164
0.930 -0.258 -0.164
0.922 -0.293 -0.125
0.891 -0.312 -0.18
0.937 -0.207 -0.199
0.906 -0.273 -0.164
0.930 -0.172 -0.207
0.926 -0.227 -0.195
0.934 -0.324 -0.145
0.922 -0.258 -0.164
0.930 -0.242 -0.168
0.934 -0.254 -0.156
0.937 -0.258 -0.148
0.926 -0.262 -0.156
0.941 -0.227 -0.156
0.937 -0.246 -0.156
0.937 -0.246 -0.16
0.848 -0.32 -0.125
1.008 -0.195 -0.152
0.941 -0.195 -0.176
0.953 -0.18 -0.164
0.930 -0.281 -0.16
0.895 -0.27 -0.148
0.918 -0.285 -0.129
1.012 -0.25 -0.164
0.879 -0.211 -0.242
0.918 -0.203 -0.266
0.902 -0.254 -0.289
0.887 -0.219 -0.309
0.879 -0.187 -0.309
0.930 -0.305 -0.289
0.848 -0.246 -0.285
0.926 -0.266 -0.297
0.867 -0.352 -0.328
0.809 -0.391 -0.27
0.891 -0.398 -0.293
0.922 -0.445 -0.285
0.863 -0.391 -0.211
0.859 -0.465 -0.145
0.930 -0.391 -0.137
0.848 -0.34 -0.133
0.840 -0.445 -0.066
0.875 -0.309 -0.098
0.891 -0.277 -0.074
.969 -0.281 -0.086
0.949 -0.504 -0.023
0.910 -0.262 -0.129
0.906 -0.41 -0.078
0.879 -0.391 -0.117
0.891 -0.383 -0.18
0.828 -0.363 -0.234
0.855 -0.336 -0.273
0.852 -0.309 -0.297
0.832 -0.309 -0.301
0.824 -0.32 -0.32
0.867 -0.332 -0.348
.129 -0.367 -0.328
1.016 -0.633 -0.281
0.820 -0.414 -0.246
0.734 -0.562 -0.145
0.836 -0.434 -0.109
0.812 -0.41 -0.102
0.844 -0.348 -0.066
0.859 -0.367 -0.059
0.949 -0.324 -0.098
0.922 -0.316 -0.09
0.891 -0.277 -0.117
0.934 -0.332 -0.086
.852 -0.457 -0.113
0.910 -0.328 -0.156
0.859 -0.426 -0.184
0.988 -0.285 -0.227
0.875 -0.316 -0.285
0.855 -0.316 -0.309
0.828 -0.281 -0.316
0.871 -0.316 -0.344
0.949 -0.652 -0.25
0.848 -0.5 -0.398
0.781 -0.445 -0.16
0.855 -0.449 -0.137
0.781 -0.414 -0.109
0.820 -0.363 -0.082
0.828 -0.41 -0.074
0.902 -0.398 -0.078
0.875 -0.395 -0.086
0.883 -0.348 -0.094
0.937 -0.367 -0.074
0.910 -0.359 -0.094
0.910 -0.371 -0.082
0.891 -0.406 -0.102
0.852 -0.355 -0.121
1.008 -0.297 -0.219
0.879 -0.312 -0.281
0.863 -0.281 -0.285
0.793 -0.359 -0.309
0.844 -0.34 -0.336
0.918 -0.398 -0.344
1.246 -0.504 -0.336
0.898 -0.441 -0.168
0.758 -0.5 -0.113
0.820 -0.367 -0.117
0.859 -0.352 -0.102
0.844 -0.332 -0.062
0.898 -0.383 -0.098
0.953 -0.293 -0.109
0.871 -0.191 -0.141
0.930 -0.363 -0.074
0.863 -0.375 -0.109
0.988 -0.363 -0.078
0.848 -0.426 -0.16
0.977 -0.316 -0.223
0.895 -0.301 -0.242
0.852 -0.305 -0.27
0.871 -0.328 -0.281
0.898 -0.258 -0.32
0.949 -0.441 -0.25
0.996 -0.621 -0.367
1.039 -0.414 -0.25
0.770 -0.465 -0.137
0.844 -0.379 -0.102
0.777 -0.383 -0.098
0.914 -0.324 -0.098
0.887 -0.359 -0.086
0.941 -0.27 -0.098
0.926 -0.289 -0.102
0.906 -0.363 -0.094
0.879 -0.297 -0.098
1.004 -0.328 -0.105
0.832 -0.43 -0.125
0.980 -0.297 -0.164
0.887 -0.297 -0.227
0.867 -0.324 -0.258
0.895 -0.281 -0.27
0.855 -0.254 -0.293
0.910 -0.281 -0.309
1.020 -0.363 -0.309
1.172 -0.574 -0.359
0.871 -0.414 -0.281
0.707 -0.41 -0.16
0.797 -0.437 -0.102
0.797 -0.336 -0.098
0.844 -0.379 -0.059
0.871 -0.43 -0.047
0.918 -0.352 -0.086
0.902 -0.32 -0.094
0.887 -0.461 -0.047
0.871 -0.461 -0.082
0.922 -0.266 -0.125
0.934 -0.426 -0.199
0.992 -0.254 -0.23
0.824 -0.297 -0.27
0.836 -0.309 -0.305
0.812 -0.227 -0.32
0.875 -0.332 -0.285
0.910 -0.285 -0.348
1.113 -0.449 -0.379
0.984 -0.484 -0.324
0.695 -0.504 -0.18
0.758 -0.348 -0.113
0.770 -0.332 -0.086
0.855 -0.359 -0.062
0.922 -0.383 -0.078
0.926 -0.324 -0.086
0.906 -0.309 -0.102
0.953 -0.359 -0.055
0.879 -0.441 -0.09
0.977 -0.355 -0.105
0.852 -0.398 -0.156
1.020 -0.289 -0.195
0.848 -0.348 -0.266
0.859 -0.238 -0.312
0.816 -0.242 -0.324
0.879 -0.27 -0.367
1.055 -0.551 -0.312
0.977 -0.484 -0.336
0.871 -0.352 -0.207
0.855 -0.473 -0.055
0.789 -0.441 -0.078
0.875 -0.281 -0.094
0.875 -0.352 -0.047
0.918 -0.391 -0.066
0.953 -0.332 -0.055
0.906 -0.395 -0.066
0.906 -0.344 -0.074
0.914 -0.434 -0.066
0.898 -0.328 -0.113
1.004 -0.309 -0.199
0.879 -0.254 -0.234
0.887 -0.309 -0.254
0.836 -0.258 -0.293
1.035 -0.5 -0.22
1.023 -0.43 -0.383
1.059 -0.52 -0.336
0.750 -0.355 -0.168
0.785 -0.465 -0.113
0.781 -0.398 -0.07
0.855 -0.324 -0.074
0.863 -0.359 -0.047
0.914 -0.332 -0.07
0.937 -0.27 -0.074
0.918 -0.32 -0.055
0.895 -0.375 -0.07
0.930 -0.387 -0.082
0.891 -0.402 -0.086
0.953 -0.336 -0.141
0.945 -0.262 -0.195
0.867 -0.301 -0.238
0.879 -0.27 -0.273
0.820 -0.242 -0.305
0.883 -0.254 -0.305
1.035 -0.461 -0.242
1.027 -0.547 -0.336
1.020 -0.449 -0.242
0.707 -0.355 -0.168
0.746 -0.434 -0.078
0.852 -0.309 -0.078
0.887 -0.316 -0.078
0.859 -0.398 -0.043
0.859 -0.316 -0.078
0.910 -0.359 -0.043
0.914 -0.398 -0.059
0.926 -0.352 -0.066
0.934 -0.293 -0.086
0.914 -0.348 -0.066
0.910 -0.348 -0.074
0.926 -0.355 -0.086
0.906 -0.348 -0.145
0.906 -0.266 -0.227
0.895 -0.301 -0.234
0.906 -0.426 -0.176
0.699 -0.219 -0.246
0.859 -0.398 -0.102
0.879 -0.367 -0.078
0.922 -0.355 -0.066
0.898 -0.301 -0.082
0.934 -0.289 -0.082
0.914 -0.262 -0.113
0.898 -0.621 -0.016
0.852 -0.445 -0.059
0.785 -0.516 -0.051
0.852 -0.461 -0.066
0.867 -0.465 -0.059
0.871 -0.402 -0.051
1.117 -0.25 -0.09
0.863 -0.449 -0.203
0.934 -0.207 -0.195
0.852 -0.543 -0.117
0.863 -0.402 -0.098
0.969 -0.324 0.023
0.922 -0.352 0.047
0.992 -0.215 -0.031
0.992 -0.117 -0.082
0.867 -0.238 -0.121
0.965 -0.449 -0.066
0.926 -0.258 -0.121
0.926 -0.227 -0.254
0.820 -0.281 -0.273
0.836 -0.355 -0.203
0.977 -0.293 -0.18
0.875 -0.363 -0.137
0.937 -0.27 -0.133
0.871 -0.398 -0.137
0.832 -0.297 -0.133
0.852 -0.223 -0.129
0.883 -0.289 -0.121
0.965 -0.23 -0.137
1.000 -0.227 -0.16
1.062 -0.293 -0.262
0.914 -0.383 -0.242
1.051 -0.336 -0.141
0.832 -0.465 -0.227
0.910 -0.316 -0.242
0.840 -0.316 -0.262
0.906 -0.379 -0.211
0.922 -0.332 -0.137
0.992 -0.469 -0.035
0.973 -0.273 -0.105
0.859 -0.309 -0.121
1.004 -0.211 -0.078
0.930 -0.234 -0.094
0.937 -0.273 -0.086
0.848 -0.309 -0.094
0.816 -0.23 -0.125
0.875 -0.172 -0.141
0.887 -0.242 -0.121
0.855 -0.332 -0.148
1.035 -0.297 -0.281
0.906 -0.445 -0.312
0.902 -0.363 -0.207
0.863 -0.445 -0.187
0.926 -0.395 -0.254
0.820 -0.395 -0.254
0.852 -0.336 -0.219
0.957 -0.418 -0.18
0.926 -0.281 -0.176
0.871 -0.441 -0.102
0.980 -0.285 -0.117
0.883 -0.32 -0.129
0.910 -0.363 -0.078
0.937 -0.262 -0.09
0.910 -0.367 -0.105
0.859 -0.281 -0.094
0.793 -0.25 -0.105
0.980 -0.297 -0.117
.977 -0.309 -0.117
0.926 -0.328 -0.141
1.094 -0.219 -0.25
0.875 -0.441 -0.234
0.992 -0.457 -0.203
0.879 -0.344 -0.242
0.832 -0.289 -0.262
0.859 -0.344 -0.242
0.859 -0.289 -0.23
0.965 -0.395 -0.145
1.094 -0.574 -0.035
0.926 -0.145 -0.195
0.816 -0.246 -0.195
0.918 -0.254 -0.105
0.953 -0.168 -0.113
0.902 -0.281 -0.117
0.867 -0.223 -0.121
0.945 -0.184 -0.121
0.891 -0.332 -0.133
0.941 -0.344 -0.078
0.934 -0.25 -0.312
0.977 -0.348 -0.34
0.945 -0.258 -0.297
0.852 -0.418 -0.227
0.930 -0.254 -0.25
0.859 -0.301 -0.273
0.852 -0.27 -0.32
0.789 -0.238 -0.289
1.031 -0.418 -0.137
0.992 -0.395 -0.133
0.902 -0.234 -0.141
0.895 -0.301 -0.121
0.980 -0.254 -0.098
0.965 -0.223 -0.105
0.867 -0.316 -0.117
0.879 -0.203 -0.133
0.805 -0.262 -0.148
0.871 -0.305 -0.133
0.906 -0.227 -0.187
1.066 -0.387 -0.258
0.996 -0.367 -0.242
1.000 -0.293 -0.227
0.848 -0.285 -0.262
0.863 -0.324 -0.254
0.867 -0.297 -0.273
0.871 -0.273 -0.246
0.934 -0.328 -0.187
0.883 -0.223 -0.187
0.801 -0.195 -0.164
0.930 -0.324 -0.152
0.910 -0.305 -0.09
0.895 -0.238 -0.078
0.891 -0.32 -0.125
0.945 -0.148 -0.113
0.852 -0.383 -0.129
0.812 -0.332 -0.133
1.133 -0.422 -0.309
1.090 -0.426 -0.309
0.918 -0.391 -0.207
0.887 -0.375 -0.219
0.801 -0.316 -0.258
0.855 -0.285 -0.23
0.914 -0.324 -0.187
0.895 -0.285 -0.16
0.852 -0.168 -0.152
1.043 -0.363 -0.102
0.906 -0.324 -0.117
0.863 -0.281 -0.09
0.906 -0.227 -0.102
0.902 -0.285 -0.156
0.902 -0.258 -0.16
0.852 -0.363 -0.145
0.914 -0.336 -0.195
0.973 -0.293 -0.277
0.937 -0.383 -0.227
0.918 -0.398 -0.207
0.891 -0.32 -0.266
0.844 -0.398 -0.234
0.840 -0.285 -0.25
0.898 -0.43 -0.168
0.859 -0.367 -0.176
0.926 -0.391 -0.148
0.840 -0.262 -0.152
0.945 -0.301 -0.09
0.910 -0.348 -0.074
0.914 -0.246 -0.074
0.824 -0.312 -0.082
0.801 -0.215 -0.129
0.984 -0.293 -0.148
0.980 -0.336 -0.168
1.121 -0.324 -0.293
0.895 -0.422 -0.25
0.898 -0.371 -0.18
0.867 -0.383 -0.18
0.879 -0.402 -0.219
0.836 -0.316 -0.27
0.809 -0.293 -0.254
0.879 -0.422 -0.195
0.836 -0.34 -0.125
0.824 -0.203 -0.168
0.891 -0.34 -0.125
0.918 -0.238 -0.082
0.914 -0.258 -0.082
0.863 -0.324 -0.062
1.020 -0.238 -0.141
0.965 -0.391 -0.187
1.039 -0.367 -0.266
0.922 -0.371 -0.219
0.992 -0.336 -0.176
0.887 -0.383 -0.254
0.871 -0.273 -0.238
0.812 -0.367 -0.238
0.828 -0.32 -0.234
0.863 -0.484 -0.156
0.930 -0.227 -0.141
0.945 -0.352 -0.125
0.957 -0.273 -0.113
0.848 -0.281 -0.078
0.758 -0.23 -0.098
0.754 -0.168 -0.234
0.941 -0.23 -0.207
0.891 -0.273 -0.238
1.059 -0.406 -0.273
1.078 -0.449 -0.254
0.812 -0.359 -0.195
0.918 -0.312 -0.211
0.871 -0.324 -0.23
0.910 -0.266 -0.262
0.879 -0.227 -0.289
0.871 -0.254 -0.254
0.945 -0.496 -0.145
0.848 -0.297 -0.133
.961 -0.359 -0.102
0.930 -0.258 -0.09
0.930 -0.223 -0.129
0.918 -0.273 -0.102
0.934 -0.281 -0.078
1.059 -0.484 -0.051
0.898 -0.297 -0.098
0.863 -0.391 -0.09
1.098 -0.34 -0.113
0.879 -0.176 -0.094
0.871 -0.336 -0.074
0.984 -0.195 -0.094
1.023 -0.203 -0.07
0.918 -0.289 -0.012
0.984 -0.184 0.004
1.008 -0.246 0.059
0.891 -0.266 -0.027
0.965 -0.297 -0.023
0.969 -0.523 -0.051
1.000 -0.254 -0.078
0.926 -0.27 -0.039
0.891 -0.316 -0.043
0.914 -0.34 -0.062
0.977 -0.219 -0.062
0.934 -0.25 -0.066
0.949 -0.227 -0.066
0.984 -0.145 -0.129
0.824 -0.602 -0.082
0.875 -0.414 -0.094
0.758 -0.484 -0.148
1.004 -0.207 -0.16
0.941 -0.312 -0.199
0.934 -0.254 -0.25
0.887 -0.25 -0.27
0.871 -0.223 -0.289
0.883 -0.375 -0.27
0.867 -0.203 -0.301
0.914 -0.352 -0.309
1.027 -0.285 -0.453
1.133 -0.496 -0.363
0.770 -0.672 -0.094
0.656 -0.441 -0.078
0.914 -0.336 -0.035
0.824 -0.414 -0.027
0.871 -0.367 -0.02
0.738 -0.391 -0.062
.930 -0.418 -0.059
0.805 -0.219 -0.172
1.043 -0.277 -0.137
0.762 -0.227 -0.301
0.840 -0.305 -0.301
0.812 -0.266 -0.324
0.973 -0.285 -0.441
1.355 -0.699 -0.367
0.785 -0.527 -0.086
0.684 -0.504 -0.094
0.855 -0.387 -0.07
0.848 -0.371 -0.016
.855 -0.434 -0.051
0.883 -0.363 -0.051
0.742 -0.375 -0.141
0.980 -0.453 -0.074
0.852 -0.422 -0.145
0.934 -0.312 -0.176
0.887 -0.422 -0.168
0.934 -0.27 -0.238
0.910 -0.246 -0.27
0.883 -0.387 -0.301
0.973 -0.383 -0.344
0.855 -0.43 -0.363
0.801 -0.352 -0.23
0.852 -0.465 -0.098
0.797 -0.367 -0.102
0.844 -0.312 -0.074
0.852 -0.391 -0.02
0.926 -0.34 -0.031
0.891 -0.309 -0.086
0.883 -0.383 -0.027
0.902 -0.57 -0.004
0.797 -0.457 -0.035
0.996 -0.391 -0.121
0.891 -0.262 -0.187
0.867 -0.383 -0.203
0.852 -0.355 -0.211
0.863 -0.328 -0.312
0.848 -0.531 -0.309
0.914 -0.535 -0.34
0.820 -0.48 -0.133
0.852 -0.523 -0.07
0.789 -0.488 -0.078
0.816 -0.352 -0.082
0.828 -0.402 -0.074
0.887 -0.414 -0.055
0.910 -0.355 -0.059
0.867 -0.387 -0.07
0.852 -0.512 -0.059
0.937 -0.445 -0.055
0.852 -0.574 -0.012
0.996 -0.293 -0.145
0.926 -0.344 -0.191
0.848 -0.305 -0.246
0.852 -0.32 -0.258
0.930 -0.391 -0.242
0.832 -0.426 -0.324
0.953 -0.41 -0.309
0.906 -0.461 -0.359
0.832 -0.473 -0.281
0.773 -0.457 -0.148
0.762 -0.457 -0.109
0.855 -0.27 -0.113
0.824 -0.332 -0.078
0.867 -0.402 -0.047
0.937 -0.367 -0.055
0.926 -0.32 -0.059
0.867 -0.414 -0.035
0.898 -0.395 -0.016
0.922 -0.449 -0.008
0.855 -0.316 -0.102
1.020 -0.406 -0.168
0.863 -0.207 -0.305
0.871 -0.293 -0.297
0.809 -0.312 -0.348
0.902 -0.316 -0.359
0.836 -0.445 -0.387
0.805 -0.242 -0.375
0.891 -0.437 -0.16
0.875 -0.496 -0.066
0.758 -0.387 -0.117
0.824 -0.375 -0.074
0.852 -0.375 -0.059
0.922 -0.352 -0.074
0.914 -0.297 -0.117
0.887 -0.41 -0.016
0.891 -0.43 -0.062
0.805 -0.328 -0.098
0.930 -0.41 -0.062
1.027 -0.371 -0.137
0.930 -0.348 -0.191
0.883 -0.332 -0.219
0.926 -0.215 -0.273
0.816 -0.25 -0.277
0.910 -0.262 -0.289
1.027 -0.434 -0.305
1.020 -0.504 -0.336
0.719 -0.371 -0.129
0.785 -0.437 -0.074
0.820 -0.367 -0.086
0.832 -0.387 -0.074
0.855 -0.406 -0.051
0.875 -0.398 -0.051
0.891 -0.355 -0.059
0.937 -0.352 -0.055
0.906 -0.348 -0.074
0.832 -0.496 0.016
0.941 -0.383 -0.062
1.176 -0.246 -0.184
0.891 -0.387 -0.238
0.891 -0.215 -0.266
0.820 -0.281 -0.293
0.875 -0.223 -0.305
0.922 -0.266 -0.34
1.047 -0.539 -0.379
1.020 -0.543 -0.359
0.770 -0.344 -0.18
0.797 -0.516 -0.098
0.809 -0.414 -0.059
0.859 -0.285 -0.078
0.863 -0.383 -0.047
0.879 -0.398 -0.07
0.945 -0.348 -0.062
0.918 -0.305 -0.055
0.863 -0.41 -0.086
0.902 -0.437 -0.074
0.992 -0.289 -0.172
0.953 -0.238 -0.199
0.828 -0.215 -0.262
0.805 -0.187 -0.328
0.980 -0.395 -0.297
1.055 -0.41 -0.359
1.000 -0.531 -0.324
0.801 -0.449 -0.129
0.816 -0.453 -0.117
0.758 -0.371 -0.105
0.836 -0.359 -0.07
0.852 -0.371 -0.059
0.875 -0.367 -0.078
0.926 -0.312 -0.07
0.898 -0.551 -0.047
0.969 -0.285 -0.168
0.945 -0.277 -0.199
0.805 -0.27 -0.27
0.895 -0.254 -0.27
0.863 -0.25 -0.289
0.949 -0.363 -0.273
0.914 -0.367 -0.352
1.078 -0.5 -0.359
0.730 -0.371 -0.18
0.762 -0.484 -0.129
0.777 -0.371 -0.078
0.820 -0.367 -0.07
0.859 -0.344 -0.051
0.898 -0.309 -0.082
0.879 -0.469 -0.043
0.898 -0.488 -0.008
0.793 -0.383 -0.062
0.879 -0.543 -0.098
0.848 -0.441 -0.105
0.910 -0.27 -0.141
0.902 -0.23 -0.211
0.922 -0.281 -0.195
1.133 -0.793 0.027
0.953 -0.594 0.016
0.910 -0.453 0.055
0.937 -0.352 0.047
0.949 -0.297 -0.039
0.973 -0.258 -0.035
0.871 -0.352 -0.082
0.879 -0.441 -0.074
1.000 -0.301 -0.125
0.895 -0.359 -0.141
0.906 -0.266 -0.199
0.883 -0.285 -0.238
0.937 -0.207 -0.191
0.789 -0.398 -0.148
0.914 -0.352 -0.102
0.883 -0.43 -0.082
0.949 -0.309 -0.078
0.922 -0.348 -0.105
0.918 -0.285 -0.121
0.914 -0.316 -0.102
0.812 -0.289 -0.07
0.879 -0.266 -0.094
0.926 -0.23 -0.145
0.973 -0.277 -0.125
0.879 -0.332 -0.141
0.977 -0.266 -0.215
0.988 -0.387 -0.289
0.977 -0.352 -0.25
0.898 -0.445 -0.145
0.937 -0.262 -0.203
0.812 -0.332 -0.262
0.867 -0.324 -0.293
0.828 -0.297 -0.266
0.875 -0.336 -0.219
0.937 -0.395 -0.152
1.039 -0.406 -0.082
0.816 -0.281 -0.16
1.023 -0.293 -0.086
0.887 -0.398 -0.133
0.898 -0.281 -0.09
0.809 -0.293 -0.062
0.840 -0.187 -0.086
0.922 -0.191 -0.137
0.969 -0.355 -0.164
0.973 -0.32 -0.137
.039 -0.367 -0.266
0.949 -0.445 -0.0
0.859 -0.414 -0.254
0.871 -0.445 -0.207
0.801 -0.41 -0.184
0.926 -0.336 -0.254
0.793 -0.387 -0.293
0.781 -0.273 -0.281
0.871 -0.41 -0.172
0.855 -0.219 -0.195
0.828 -0.219 -0.148
1.039 -0.262 -0.121
0.977 -0.293 -0.121
0.906 -0.352 -0.117
0.895 -0.359 -0.121
0.797 -0.328 -0.102
0.875 -0.246 -0.129
0.902 -0.215 -0.133
0.926 -0.262 -0.141
0.926 -0.289 -0.18
1.039 -0.297 -0.258
0.883 -0.578 -0.18
0.980 -0.453 -0.18
0.875 -0.262 -0.273
0.891 -0.344 -0.23
0.785 -0.387 -0.23
0.855 -0.32 -0.219
0.895 -0.367 -0.176
0.891 -0.363 -0.164
0.887 -0.332 -0.16
0.820 -0.359 -0.133
1.012 -0.387 -0.066
0.922 -0.336 -0.145
0.863 -0.234 -0.117
0.848 -0.293 -0.117
0.863 -0.242 -0.156
0.891 -0.211 -0.168
0.832 -0.234 -0.168
0.941 -0.18 -0.195
0.762 -0.164 -0.195
1.207 -0.418 -0.25
0.898 -0.414 -0.262
1.027 -0.273 -0.262
0.922 -0.215 -0.266
0.871 -0.293 -0.246
0.871 -0.277 -0.266
0.961 -0.336 -0.191
0.965 -0.371 -0.086
0.945 -0.262 -0.148
0.996 -0.145 -0.105
0.937 -0.145 -0.133
0.879 -0.277 -0.121
0.875 -0.207 -0.129
0.875 -0.176 -0.16
0.926 -0.246 -0.168
0.941 -0.211 -0.215
0.793 -0.258 -0.133
0.918 -0.457 -0.215
1.055 -0.477 -0.27
0.941 -0.379 -0.203
0.859 -0.355 -0.262
0.883 -0.277 -0.273
0.848 -0.262 -0.25
0.883 -0.371 -0.191
0.852 -0.387 -0.176
1.117 -0.559 -0.031
1.031 -0.266 -0.066
0.969 -0.281 -0.066
0.926 -0.215 -0.082
0.895 -0.25 -0.105
0.883 -0.25 -0.137
0.867 -0.215 -0.109
0.953 -0.156 -0.145
0.785 -0.25 -0.125
0.852 -0.16 -0.152
1.117 -0.449 -0.199
0.957 -0.594 -0.254
0.898 -0.336 -0.156
0.848 -0.379 -0.23
0.883 -0.34 -0.23
0.867 -0.281 -0.215
0.898 -0.414 -0.16
0.910 -0.449 -0.109
0.852 -0.297 -0.145
1.020 -0.277 -0.07
0.980 -0.332 -0.109
.910 -0.254 -0.094
0.879 -0.27 -0.09
0.770 -0.316 -0.102
0.965 -0.25 -0.113
0.984 -0.234 -0.137
0.922 -0.254 -0.141
0.797 -0.418 -0.172
1.051 -0.234 -0.273
0.937 -0.375 -0.215
0.824 -0.418 -0.184
0.871 -0.293 -0.238
0.844 -0.34 -0.203
.898 -0.406 -0.164
0.875 -0.371 -0.145
1.023 -0.551 -0.07
0.898 -0.289 -0.113
0.820 -0.305 -0.145
0.953 -0.227 -0.094
0.824 -0.352 -0.086
0.793 -0.266 -0.113
1.047 -0.207 -0.113
1.004 -0.164 -0.184
0.801 -0.445 -0.156
1.148 -0.418 -0.211
0.887 -0.461 -0.262
0.863 -0.355 -0.211
0.902 -0.504 -0.172
0.926 -0.227 -0.266
0.887 -0.289 -0.285
0.859 -0.297 -0.258
0.875 -0.242 -0.234
0.910 -0.395 -0.18
1.113 -0.461 -0.07
0.926 -0.262 -0.187
.910 -0.219 -0.121
0.883 -0.277 -0.109
0.812 -0.285 -0.109
0.809 -0.207 -0.176
0.965 -0.285 -0.184
1.000 -0.254 -0.203
0.902 -0.32 -0.152
1.008 -0.238 -0.297
0.996 -0.488 -0.211
0.883 -0.312 -0.18
0.934 -0.254 -0.246
0.844 -0.211 -0.262
0.918 -0.348 -0.215
0.879 -0.289 -0.168
1.043 -0.488 -0.074
0.910 -0.102 -0.145
0.871 -0.312 -0.113
0.922 -0.238 -0.074
0.863 -0.266 -0.086
0.977 -0.246 -0.156
0.727 -0.031 -0.195
0.859 -0.316 -0.156
0.957 -0.309 -0.227
1.086 -0.437 -0.246
1.023 -0.449 -0.234
0.973 -0.383 -0.184
0.891 -0.328 -0.195
0.902 -0.285 -0.246
0.852 -0.309 -0.23
0.875 -0.383 -0.203
0.867 -0.398 -0.195
0.848 -0.281 -0.262
1.203 -0.445 -0.094
0.844 -0.18 -0.148
0.883 -0.312 -0.043
0.883 -0.191 -0.121
0.953 -0.25 -0.082
0.977 -0.227 -0.09
0.980 -0.234 -0.098
1.004 -0.387 0.074
0.949 -0.191 -0.086
0.934 -0.246 -0.086
0.895 -0.086 -0.09
1.055 -0.324 -0.043
0.871 -0.191 -0.168
0.859 -0.117 -0.082
0.934 -0.27 -0.023
0.977 -0.141 -0.043
0.980 -0.199 0.004
0.941 -0.207 -0.027
0.910 -0.305 -0.062
0.941 -0.223 -0.059
0.992 -0.387 -0.035
0.863 -0.406 -0.113
0.910 -0.316 -0.199
0.969 -0.191 -0.133
0.961 -0.246 -0.141
0.906 -0.203 -0.156
0.937 -0.203 -0.164
1.078 -0.434 -0.098
0.875 -0.379 -0.137
0.891 -0.43 -0.086
0.910 -0.371 -0.09
0.898 -0.43 -0.059
0.848 -0.461 -0.066
0.883 -0.367 -0.09
0.867 -0.355 -0.113
0.902 -0.266 -0.082
0.914 -0.367 -0.074
0.914 -0.324 -0.074
0.930 -0.355 -0.043
0.906 -0.328 -0.047
0.930 -0.34 -0.008
1.141 -0.562 0.047
1.043 -0.41 -0.004
0.754 -0.535 0.07
0.902 -0.445 0.004
0.848 -0.422 -0.027
0.832 -0.363 -0.043
0.824 -0.375 -0.066
0.891 -0.359 -0.086
0.863 -0.277 -0.09
0.793 -0.375 -0.004
0.906 -0.426 0.012
0.832 -0.473 -0.008
0.926 -0.328 -0.023
0.910 -0.355 -0.023
0.879 -0.363 -0.016
0.902 -0.34 -0.016
0.898 -0.375 -0.012
0.914 -0.312 -0.023
0.863 -0.406 -0.008
0.984 -0.234 -0.094
1.020 -0.402 0.035
0.977 -0.453 0.043
0.883 -0.422 0.012
0.887 -0.574 0.094
0.871 -0.398 0.012
0.867 -0.34 -0.016
0.840 -0.332 -0.082
0.914 -0.375 -0.082
0.871 -0.426 -0.086
0.879 -0.523 -0.031
0.914 -0.348 -0.07
0.793 -0.359 -0.062
0.832 -0.445 -0.059
0.902 -0.352 -0.039
0.930 -0.297 -0.055
0.891 -0.441 -0.02
0.937 -0.352 -0.055
0.906 -0.312 -0.039
0.922 -0.258 -0.043
0.926 -0.262 -0.031
1.004 -0.348 0.012
0.988 -0.523 0.051
1.035 -0.324 -0.016
0.984 -0.504 -0.035
0.887 -0.496 0.004
0.859 -0.477 0.004
0.750 -0.383 0.02
0.867 -0.531 -0.004
0.836 -0.406 -0.055
0.867 -0.379 -0.062
0.859 -0.426 -0.074
0.871 -0.328 -0.121
0.793 -0.398 -0.07
0.926 -0.437 0.012
0.832 -0.461 -0.047
0.891 -0.34 -0.004
0.883 -0.43 -0.043
0.879 -0.383 -0.004
0.914 -0.34 0.004
0.898 -0.289 -0.062
0.902 -0.371 -0.035
0.891 -0.371 0.004
1.242 -0.375 0.098
0.793 -0.605 0.066
0.898 -0.465 0.074
0.746 -0.418 0.02
0.777 -0.43 -0.016
0.789 -0.492 -0.008
0.824 -0.457 -0.023
0.879 -0.496 -0.07
0.836 -0.293 -0.145
0.902 -0.574 0.027
0.828 -0.414 -0.074
0.863 -0.34 -0.055
0.898 -0.398 -0.051
0.883 -0.371 -0.062
0.922 -0.285 -0.07
0.926 -0.305 -0.062
0.918 -0.305 -0.078
0.922 -0.266 -0.051
0.941 -0.512 0.012
1.059 -0.215 -0.023
1.090 -0.516 0.023
0.801 -0.516 0.07
0.832 -0.391 0.008
0.812 -0.406 0.023
0.742 -0.43 0.004
0.828 -0.371 -0.027
0.855 -0.391 -0.059
.863 -0.41 -0.066
0.836 -0.391 -0.074
0.883 -0.367 -0.094
0.828 -0.273 -0.109
0.863 -0.453 0.012
0.937 -0.445 0.035
0.879 -0.391 0.0
0.961 -0.289 -0.023
0.910 -0.312 -0.02
0.941 -0.355 0.0
0.926 -0.32 0.02
0.930 -0.43 0.074
1.086 -0.602 0.156
0.910 -0.566 0.098
0.906 -0.504 0.09
0.812 -0.496 0.066
0.785 -0.437 0.004
0.797 -0.445 -0.059
0.758 -0.426 -0.113
0.840 -0.434 -0.062
1.039 -0.609 0.059
0.879 -0.379 -0.008
0.906 -0.332 0.016
0.895 -0.418 0.008
0.875 -0.453 0.004
0.914 -0.367 0.0
0.937 -0.297 -0.027
0.922 -0.34 -0.02
0.926 -0.426 0.023
0.887 -0.437 0.027
0.937 -0.383 0.023
1.039 -0.832 0.164
0.793 -0.426 0.031
0.816 -0.641 0.098
0.820 -0.445 0.051
0.734 -0.328 -0.035
0.773 -0.406 -0.043
0.867 -0.41 -0.031
0.855 -0.434 -0.078
0.855 -0.336 -0.102
0.891 -0.5 -0.066
0.770 -0.32 -0.035
0.852 -0.5 0.0
0.875 -0.434 -0.023
0.879 -0.41 0.012
0.887 -0.434 0.02
0.898 -0.371 0.012
0.937 -0.328 -0.012
0.910 -0.309 -0.027
0.937 -0.352 -0.02
0.910 -0.453 0.055
1.187 -0.414 0.102
0.824 -0.633 0.066
0.902 -0.445 0.109
0.668 -0.43 0.0
0.695 -0.336 -0.074
0.840 -0.395 -0.047
0.836 -0.414 -0.078
0.809 -0.441 -0.051
0.887 -0.328 -0.012
0.832 -0.395 -0.004
0.863 -0.402 -0.004
0.910 -0.324 -0.02
0.895 -0.328 -0.02
0.930 -0.332 -0.004
0.902 -0.324 -0.059
0.934 -0.32 0.031
0.992 -0.477 0.039
1.133 -0.641 0.086
0.840 -0.578 0.113
0.816 -0.402 0.023
0.730 -0.402 0.012
0.750 -0.43 -0.027
0.891 -0.418 -0.031
0.840 -0.426 -0.062
0.863 -0.348 -0.078
0.844 -0.449 -0.047
0.824 -0.391 -0.039
0.863 -0.527 0.027
0.898 -0.48 0.004
0.922 -0.34 -0.012
0.937 -0.285 -0.051
0.930 -0.32 -0.039
0.922 -0.375 0.023
0.965 -0.48 0.09
1.102 -0.578 0.098
1.125 -0.648 0.109
0.895 -0.504 0.109
0.742 -0.402 0.039
0.664 -0.371 -0.016
0.816 -0.445 -0.039
0.844 -0.383 -0.059
0.937 -0.367 -0.117
.836 -0.391 -0.07
0.773 -0.426 -0.125
0.926 -0.488 -0.02
0.852 -0.449 -0.023
0.871 -0.441 0.043
0.937 -0.312 0.039
0.937 -0.293 -0.02
0.961 -0.266 -0.062
0.977 -0.184 -0.074
0.930 -0.48 0.004
0.836 -0.516 -0.066
0.859 -0.395 -0.059
.895 -0.406 -0.102
0.926 -0.355 -0.129
0.832 -0.363 -0.121
0.973 -0.367 -0.109
0.973 -0.238 -0.203
0.930 -0.238 -0.164
0.902 -0.199 -0.203
0.965 -0.277 -0.215
0.941 -0.25 -0.18
0.859 -0.391 -0.07
0.816 -0.5 -0.012
0.930 -0.285 -0.031
0.930 -0.297 -0.066
0.902 -0.328 -0.066
0.922 -0.281 -0.082
0.930 -0.234 -0.098
0.863 -0.285 -0.078
0.828 -0.191 -0.066
0.809 -0.219 -0.09
0.910 -0.203 -0.098
0.906 -0.27 -0.09
0.887 -0.191 -0.187
1.125 -0.195 -0.25
1.195 -0.504 -0.262
0.879 -0.398 -0.184
.902 -0.25 -0.184
0.801 -0.207 -0.246
0.824 -0.164 -0.215
0.973 -0.297 -0.133
0.984 -0.367 -0.07
0.695 -0.098 -0.207
1.004 -0.277 -0.07
0.961 -0.309 -0.094
0.973 -0.203 -0.109
0.941 -0.199 -0.098
0.789 -0.234 -0.09
0.785 -0.312 -0.082
0.988 -0.211 -0.121
1.000 -0.371 -0.16
1.082 -0.285 -0.227
0.895 -0.406 -0.258
1.109 -0.355 -0.195
0.812 -0.387 -0.219
0.875 -0.43 -0.199
0.812 -0.379 -0.238
0.879 -0.328 -0.246
0.867 -0.324 -0.191
0.852 -0.406 -0.105
0.816 -0.129 -0.152
0.961 -0.461 -0.035
0.996 -0.281 -0.043
0.910 -0.348 -0.078
0.914 -0.348 -0.07
0.883 -0.289 -0.07
0.895 -0.281 -0.121
0.809 -0.285 -0.133
0.902 -0.316 -0.109
0.875 -0.297 -0.168
0.996 -0.332 -0.246
1.047 -0.594 -0.219
0.844 -0.34 -0.211
0.820 -0.289 -0.238
0.898 -0.363 -0.227
0.867 -0.289 -0.215
0.883 -0.496 -0.133
0.992 -0.523 -0.031
0.934 -0.246 -0.059
0.852 -0.387 -0.09
0.953 -0.254 -0.07
0.957 -0.199 -0.066
0.855 -0.25 -0.066
0.801 -0.316 -0.09
0.801 -0.383 -0.141
0.859 -0.391 -0.098
1.109 -0.371 -0.25
1.016 -0.496 -0.297
0.879 -0.391 -0.184
0.770 -0.387 -0.23
0.848 -0.395 -0.227
0.840 -0.34 -0.215
0.895 -0.402 -0.191
0.879 -0.426 -0.172
0.910 -0.359 -0.152
1.004 -0.539 -0.078
0.914 -0.293 -0.098
0.910 -0.371 -0.094
0.941 -0.254 -0.117
0.758 -0.449 -0.074
0.801 -0.254 -0.051
0.816 -0.168 -0.164
0.770 -0.445 -0.023
1.023 -0.258 -0.434
1.043 -0.273 -0.473
0.555 -0.508 -0.258
0.801 -0.316 -0.281
0.848 -0.367 -0.191
0.930 -0.418 -0.164
0.871 -0.445 -0.133
1.125 -0.664 0.066
0.945 -0.281 -0.043
0.941 -0.223 -0.07
0.887 -0.293 -0.078
0.918 -0.285 -0.098
0.887 -0.207 -0.094
0.922 -0.277 -0.121
0.844 -0.273 -0.148
0.824 -0.305 -0.156
0.965 -0.441 -0.242
1.102 -0.355 -0.383
0.570 -0.332 -0.289
0.859 -0.457 -0.176
0.836 -0.398 -0.207
0.883 -0.406 -0.207
0.852 -0.43 -0.18
0.852 -0.461 -0.148
0.895 -0.441 -0.133
0.848 -0.223 -0.16
1.047 -0.27 -0.059
0.863 -0.422 -0.059
0.859 -0.402 -0.039
0.809 -0.398 -0.031
0.836 -0.289 -0.121
0.879 -0.312 -0.121
0.840 -0.379 -0.09
0.887 -0.504 -0.086
1.195 -0.227 -0.324
0.957 -0.531 -0.238
0.754 -0.383 -0.207
0.902 -0.512 -0.16
0.832 -0.469 -0.23
0.852 -0.391 -0.246
0.812 -0.355 -0.234
0.879 -0.312 -0.187
0.812 -0.383 -0.145
0.867 -0.285 -0.133
0.855 -0.422 -0.152
0.945 -0.266 -0.117
0.906 -0.27 -0.102
0.820 -0.25 -0.074
.871 -0.246 -0.16
0.844 -0.25 -0.168
0.875 -0.371 -0.109
1.059 -0.496 -0.289
1.078 -0.402 -0.273
0.770 -0.418 -0.176
0.867 -0.375 -0.199
0.816 -0.367 -0.223
0.824 -0.387 -0.184
0.875 -0.418 -0.156
0.809 -0.402 -0.152
0.844 -0.219 -0.141
0.852 -0.43 -0.098
0.937 -0.262 -0.078
0.852 -0.344 -0.059
0.734 -0.371 -0.129
0.809 -0.285 -0.094
0.855 -0.316 -0.125
0.980 -0.273 -0.148
1.004 -0.297 -0.309
0.996 -0.316 -0.312
0.719 -0.391 -0.203
0.883 -0.488 -0.145
0.836 -0.27 -0.23
0.910 -0.312 -0.168
0.883 -0.383 -0.148
0.887 -0.449 -0.109
0.855 -0.297 -0.113
0.953 -0.367 -0.105
0.902 -0.285 -0.125
0.910 -0.277 -0.082
0.832 -0.293 -0.062
0.801 -0.223 -0.121
0.758 -0.332 -0.211
0.816 -0.43 -0.168
0.969 -0.234 -0.281
0.996 -0.379 -0.324
0.910 -0.391 -0.195
0.898 -0.285 -0.172
0.879 -0.449 -0.141
0.883 -0.355 -0.203
0.875 -0.289 -0.223
0.973 -0.371 -0.176
0.961 -0.32 -0.195
0.797 -0.352 -0.141
0.914 -0.437 -0.023
0.910 -0.441 -0.066
0.957 -0.328 -0.059
0.926 -0.277 -0.094
0.926 -0.391 -0.031
0.902 -0.332 -0.074
1.059 -0.496 0.051
0.801 -0.227 -0.055
1.012 -0.422 -0.082
0.906 -0.246 -0.102
0.891 -0.184 -0.066
0.906 -0.379 -0.062
0.836 -0.219 0.004
0.824 -0.273 -0.016
0.859 -0.367 0.0
0.973 -0.23 -0.023
1.004 -0.238 0.008
0.949 -0.258 0.004
0.941 -0.316 -0.004
0.969 -0.293 -0.016
1.004 -0.297 -0.016
1.047 -0.266 -0.035
0.879 -0.41 -0.074
0.961 -0.309 -0.168
0.883 -0.254 -0.16
0.906 -0.223 -0.156
0.879 -0.227 -0.203
0.887 -0.266 -0.191
0.918 -0.414 -0.094
0.844 -0.473 -0.055
0.867 -0.406 -0.043
0.863 -0.371 -0.027
0.883 -0.398 -0.004
0.969 -0.387 -0.031
0.914 -0.453 0.016
0.949 -0.508 0.027
1.000 -0.324 -0.145
0.898 -0.336 -0.145
0.879 -0.348 -0.191
0.836 -0.332 -0.246
0.797 -0.289 -0.266
0.863 -0.363 -0.246
0.863 -0.254 -0.266
1.043 -0.516 -0.277
1.129 -0.633 -0.195
0.773 -0.414 -0.133
0.719 -0.484 -0.059
0.785 -0.395 -0.078
0.809 -0.391 -0.023
0.883 -0.367 -0.051
0.910 -0.398 -0.031
0.832 -0.441 -0.043
0.887 -0.488 -0.027
0.879 -0.371 -0.066
0.875 -0.445 -0.109
0.918 -0.332 -0.18
0.891 -0.324 -0.223
0.875 -0.348 -0.246
0.824 -0.328 -0.262
0.832 -0.301 -0.277
0.906 -0.418 -0.242
0.922 -0.195 -0.293
0.965 -0.551 -0.316
0.961 -0.445 -0.309
0.687 -0.555 -0.152
0.949 -0.441 -0.152
0.766 -0.5 -0.145
0.781 -0.441 -0.062
0.828 -0.391 -0.09
0.848 -0.414 -0.078
.859 -0.437 -0.094
0.918 -0.34 -0.07
0.879 -0.492 -0.047
0.969 -0.508 -0.078
0.879 -0.391 -0.16
0.930 -0.281 -0.195
0.895 -0.367 -0.234
0.871 -0.289 -0.238
0.820 -0.312 -0.266
0.871 -0.332 -0.266
0.871 -0.207 -0.262
0.941 -0.504 -0.285
1.039 -0.57 -0.316
0.789 -0.5 -0.168
0.762 -0.516 -0.102
0.805 -0.5 -0.074
0.785 -0.363 -0.043
0.785 -0.488 -0.004
0.879 -0.398 0.039
0.906 -0.355 0.039
0.918 -0.375 0.031
0.895 -0.418 0.008
0.867 -0.395 -0.016
0.910 -0.551 0.004
0.949 -0.379 -0.164
0.895 -0.227 -0.246
0.883 -0.285 -0.293
0.754 -0.32 -0.309
0.789 -0.352 -0.344
1.016 -0.422 -0.371
1.012 -0.617 -0.332
0.734 -0.473 -0.184
0.762 -0.555 -0.187
0.805 -0.5 -0.129
0.762 -0.508 -0.125
.777 -0.422 -0.066
0.801 -0.492 -0.02
0.887 -0.445 0.008
0.914 -0.414 -0.004
0.914 -0.391 0.008
0.863 -0.441 -0.008
0.895 -0.504 -0.078
0.727 -0.508 -0.086
1.043 -0.227 -0.172
0.867 -0.441 -0.203
0.855 -0.277 -0.234
0.766 -0.355 -0.254
0.891 -0.434 -0.254
0.871 -0.582 -0.27
0.910 -0.484 -0.387
0.793 -0.609 -0.137
0.770 -0.434 -0.09
0.766 -0.434 -0.008
0.848 -0.414 0.008
0.898 -0.418 0.023
0.945 -0.414 0.047
0.863 -0.477 0.055
0.898 -0.414 -0.008
0.914 -0.441 -0.031
0.848 -0.371 -0.082
0.980 -0.367 -0.129
0.902 -0.32 -0.187
0.883 -0.301 -0.234
0.895 -0.27 -0.266
0.832 -0.293 -0.281
0.895 -0.316 -0.309
0.996 -0.27 -0.312
0.992 -0.578 -0.324
0.926 -0.594 -0.32
0.715 -0.391 -0.191
0.816 -0.441 -0.125
0.816 -0.406 -0.066
0.742 -0.48 -0.016
0.883 -0.387 -0.027
0.926 -0.336 -0.023
0.941 -0.34 -0.047
0.863 -0.379 -0.023
0.863 -0.437 -0.043
0.930 -0.414 -0.105
1.027 -0.223 -0.191
0.855 -0.344 -0.219
0.879 -0.281 -0.258
0.836 -0.262 -0.281
0.926 -0.375 -0.32
1.059 -0.406 -0.324
.227 -0.555 -0.27
0.816 -0.406 -0.133
0.723 -0.605 -0.066
0.816 -0.422 -0.027
0.719 -0.437 -0.031
0.887 -0.395 0.012
0.895 -0.418 0.012
0.887 -0.348 0.0
0.879 -0.434 0.016
0.879 -0.516 0.0
0.895 -0.496 0.02
0.848 -0.473 -0.086
0.926 -0.402 -0.152
0.883 -0.285 -0.215
0.832 -0.434 -0.234
0.777 -0.355 -0.266
0.840 -0.395 -0.281
0.898 -0.41 -0.355
1.020 -0.621 -0.32
0.812 -0.652 -0.121
0.727 -0.469 -0.09
0.699 -0.422 -0.059
0.840 -0.426 -0.012
0.863 -0.426 -0.023
0.883 -0.406 -0.012
0.895 -0.332 -0.047
0.906 -0.426 0.02
0.902 -0.609 -0.02
0.855 -0.352 -0.094
1.039 -0.352 -0.141
0.805 -0.336 -0.246
0.855 -0.344 -0.254
0.805 -0.316 -0.301
0.875 -0.387 -0.254
0.793 -0.281 -0.324
1.105 -0.629 -0.305
0.977 -0.645 -0.32
0.684 -0.531 -0.098
0.750 -0.453 -0.074
0.809 -0.445 -0.07
0.797 -0.422 -0.02
0.832 -0.41 0.027
0.918 -0.465 -0.031
0.918 -0.305 0.004
0.914 -0.371 0.027
0.816 -0.434 -0.059
0.910 -0.383 -0.102
0.941 -0.414 -0.113
0.879 -0.336 -0.227
0.836 -0.285 -0.273
0.805 -0.301 -0.258
0.887 -0.312 -0.266
0.844 -0.246 -0.273
1.000 -0.496 -0.297
0.980 -0.559 -0.359
0.766 -0.492 -0.129
0.871 -0.437 -0.117
0.762 -0.441 -0.113
0.785 -0.363 -0.062
0.824 -0.402 -0.035
0.922 -0.324 -0.043
0.949 -0.41 -0.023
0.883 -0.414 -0.035
0.926 -0.426 0.008
.875 -0.469 -0.039
0.895 -0.359 -0.051
0.879 -0.398 -0.059
0.949 -0.32 -0.105
0.902 -0.332 -0.152
0.863 -0.426 -0.117
0.809 -0.441 -0.039
0.906 -0.332 -0.004
0.973 -0.293 -0.016
0.996 -0.242 0.004
0.848 -0.168 -0.086
0.992 -0.355 -0.062
0.832 -0.598 -0.062
0.895 -0.395 -0.074
0.914 -0.32 -0.121
0.926 -0.289 -0.16
0.852 -0.246 -0.227
0.867 -0.27 -0.195
0.937 -0.328 -0.184
0.875 -0.367 -0.141
0.902 -0.395 -0.113
0.895 -0.332 -0.148
0.902 -0.344 -0.109
0.898 -0.398 -0.074
0.914 -0.297 -0.082
0.914 -0.387 -0.02
0.910 -0.398 -0.023
0.965 -0.285 -0.039
0.996 -0.277 -0.043
0.891 -0.391 -0.055
0.785 -0.398 -0.016
0.824 -0.242 -0.047
0.781 -0.289 -0.09
0.930 -0.344 -0.09
0.777 -0.254 -0.219
1.102 -0.336 -0.371
0.941 -0.457 -0.246
0.910 -0.512 -0.098
0.848 -0.34 -0.223
0.848 -0.297 -0.289
0.812 -0.34 -0.254
0.895 -0.504 -0.152
0.898 -0.465 -0.117
0.867 -0.445 -0.09
0.891 0.012 -0.109
0.937 -0.371 -0.09
0.902 -0.273 -0.105
0.910 -0.309 -0.102
0.918 -0.293 -0.113
0.887 -0.254 -0.105
0.836 -0.273 -0.098
0.840 -0.305 -0.105
0.910 -0.262 -0.121
0.875 -0.379 -0.141
0.887 -0.25 -0.203
1.078 -0.367 -0.203
0.945 -0.52 -0.191
0.945 -0.562 -0.105
0.840 -0.34 -0.223
0.836 -0.383 -0.234
0.867 -0.449 -0.187
0.844 -0.547 -0.125
1.004 -0.695 0.027
0.891 -0.297 -0.117
0.887 -0.297 -0.078
0.937 -0.363 -0.062
0.812 -0.309 -0.07
0.863 -0.312 -0.094
0.918 -0.312 -0.121
0.836 -0.332 -0.164
0.855 -0.32 -0.16
0.980 -0.297 -0.242
0.957 -0.629 -0.266
0.910 -0.32 -0.258
0.801 -0.375 -0.254
0.902 -0.336 -0.195
0.883 -0.402 -0.168
0.934 -0.395 -0.129
1.078 -0.605 0.0
0.992 -0.16 -0.141
0.742 -0.543 -0.082
0.934 -0.219 -0.039
0.871 -0.34 -0.082
0.914 -0.301 -0.051
0.844 -0.168 -0.102
0.945 -0.223 -0.102
0.867 -0.305 -0.121
0.852 -0.273 -0.145
1.102 -0.277 -0.238
0.848 -0.41 -0.277
0.937 -0.375 -0.176
0.879 -0.395 -0.223
0.922 -0.223 -0.242
0.816 -0.301 -0.223
0.910 -0.391 -0.156
0.777 -0.238 -0.164
0.711 -0.164 -0.148
1.098 -0.281 -0.047
0.945 -0.34 -0.07
0.883 -0.355 -0.062
0.902 -0.277 -0.074
0.863 -0.27 -0.105
0.812 -0.32 -0.094
0.957 -0.199 -0.105
0.840 -0.273 -0.137
1.102 -0.301 -0.219
1.172 -0.488 -0.254
0.793 -0.301 -0.191
0.891 -0.363 -0.203
0.852 -0.359 -0.25
0.852 -0.238 -0.211
0.969 -0.414 -0.148
0.930 -0.266 -0.148
0.965 -0.383 -0.102
0.879 -0.18 -0.145
0.832 -0.371 -0.121
0.922 -0.305 -0.082
0.937 -0.219 -0.062
0.887 -0.297 -0.094
0.766 -0.27 -0.082
0.883 -0.27 -0.156
0.887 -0.27 -0.266
0.777 -0.312 -0.203
1.117 -0.426 -0.246
1.066 -0.496 -0.254
0.937 -0.309 -0.184
0.914 -0.348 -0.25
0.816 -0.371 -0.258
0.844 -0.332 -0.258
0.906 -0.387 -0.191
0.828 -0.387 -0.164
0.887 -0.398 -0.129
1.090 -0.437 -0.082
0.902 -0.383 -0.094
0.945 -0.242 -0.105
0.883 -0.297 -0.109
0.820 -0.266 -0.094
0.836 -0.211 -0.09
.859 -0.312 -0.156
0.934 -0.176 -0.203
0.805 -0.457 -0.16
0.980 -0.258 -0.23
1.000 -0.539 -0.18
0.922 -0.289 -0.18
.832 -0.52 -0.168
0.930 -0.281 -0.215
0.824 -0.336 -0.242
0.848 -0.324 -0.211
0.934 -0.305 -0.172
0.848 -0.367 -0.121
0.773 -0.141 -0.164
1.000 -0.484 -0.078
0.922 -0.328 -0.059
0.848 -0.383 -0.09
0.840 -0.297 -0.074
0.785 -0.414 -0.051
0.977 -0.266 -0.129
1.031 -0.254 -0.18
1.160 -0.441 -0.121
0.852 -0.406 -0.176
1.016 -0.449 -0.184
0.840 -0.41 -0.172
0.820 -0.434 -0.172
0.859 -0.426 -0.16
0.867 -0.367 -0.133
0.937 -0.469 -0.074
0.953 -0.34 -0.109
0.902 -0.375 -0.098
0.891 -0.32 -0.062
0.770 -0.395 -0.059
0.848 -0.187 -0.098
0.949 -0.25 -0.086
0.891 -0.246 -0.133
0.867 -0.293 -0.121
1.008 -0.387 -0.18
1.254 -0.395 -0.32
0.770 -0.238 -0.203
0.855 -0.352 -0.148
0.937 -0.324 -0.18
0.859 -0.223 -0.207
0.891 -0.324 -0.168
0.910 -0.387 -0.129
0.758 -0.172 -0.168
1.020 -0.328 -0.09
0.840 -0.445 -0.125
0.965 -0.176 -0.09
0.855 -0.289 -0.133
0.844 -0.203 -0.109
0.848 -0.102 -0.16
0.906 -0.16 -0.191
0.977 -0.305 -0.238
1.043 -0.34 -0.227
0.918 -0.199 -0.215
0.898 -0.316 -0.203
0.867 -0.285 -0.199
0.910 -0.348 -0.187
0.852 -0.277 -0.25
0.926 -0.402 -0.199
1.234 -0.41 -0.07
0.824 -0.414 -0.133
0.879 -0.191 -0.078
0.898 -0.387 -0.07
0.988 -0.184 -0.047
0.984 -0.25 -0.055
0.898 -0.332 -0.121
1.047 -0.234 0.0
0.898 -0.387 -0.008
0.895 -0.293 -0.051
1.023 -0.23 -0.145
0.926 -0.187 -0.066
0.980 -0.203 -0.02
0.734 -0.207 -0.215
1.078 -0.391 0.012
0.910 -0.254 -0.062
0.984 -0.18 -0.012
0.945 -0.066 -0.023
0.988 -0.293 0.051
0.910 -0.297 0.0
0.934 -0.344 0.004
0.934 -0.285 -0.035
0.926 -0.164 -0.078
0.879 -0.203 -0.086
0.973 -0.395 -0.012
0.984 -0.383 -0.062
0.906 -0.371 -0.137
0.918 -0.289 -0.152
0.961 -0.219 -0.152
0.910 -0.258 -0.16
0.926 -0.234 -0.168
0.945 -0.289 -0.184
0.895 -0.277 -0.195
0.883 -0.52 -0.023
0.785 -0.508 -0.02
0.871 -0.297 -0.055
0.910 -0.398 -0.035
0.906 -0.293 -0.039
0.926 -0.355 -0.008
0.930 -0.363 -0.012
0.926 -0.316 0.004
1.000 -0.723 0.082
0.895 -0.48 0.105
0.828 -0.527 0.051
0.824 -0.512 0.059
0.746 -0.418 -0.035
0.785 -0.41 -0.078
0.812 -0.41 -0.062
0.883 -0.355 -0.074
0.840 -0.418 -0.027
0.926 -0.375 0.008
0.926 -0.406 0.012
0.891 -0.41 -0.016
0.875 -0.488 0.027
0.906 -0.371 0.039
.926 -0.355 0.039
0.871 -0.414 0.012
0.910 -0.344 -0.0
0.898 -0.371 0.051
0.863 -0.437 0.02
1.121 -0.344 0.09
0.875 -0.566 0.098
0.820 -0.531 0.105
0.723 -0.5 0.055
0.672 -0.379 -0.027
0.801 -0.426 -0.027
0.758 -0.465 -0.074
0.777 -0.434 -0.016
0.832 -0.359 -0.047
0.781 -0.457 0.043
0.898 -0.574 0.086
0.949 -0.242 0.031
0.898 -0.391 0.055
0.871 -0.395 0.027
0.953 -0.172 -0.133
0.863 -0.395 -0.07
1.051 -0.363 -0.02
1.090 -0.723 0.102
0.930 -0.562 0.133
0.734 -0.402 -0.008
0.715 -0.383 -0.008
0.797 -0.449 -0.023
0.824 -0.504 -0.027
0.785 -0.453 -0.035
0.766 -0.277 -0.062
0.812 -0.445 0.02
0.906 -0.469 0.027
0.891 -0.406 0.008
0.926 -0.297 -0.004
0.887 -0.41 0.012
0.988 -0.246 -0.016
0.977 -0.473 0.02
1.078 -0.555 0.066
0.937 -0.574 0.113
0.863 -0.504 0.02
0.742 -0.496 0.023
0.723 -0.395 -0.039
0.809 -0.441 -0.031
0.867 -0.437 -0.043
0.879 -0.355 -0.062
0.781 -0.32 -0.094
0.973 -0.496 0.027
0.797 -0.461 -0.043
0.953 -0.344 0.043
0.895 -0.391 0.0
0.937 -0.371 -0.004
0.965 -0.297 -0.02
0.902 -0.273 -0.062
0.895 -0.301 -0.004
1.430 -0.711 0.254
0.895 -0.434 0.152
0.789 -0.426 0.047
0.730 -0.449 0.039
0.781 -0.43 -0.012
0.848 -0.445 -0.023
0.832 -0.398 -0.062
1.039 -0.672 0.098
0.906 -0.465 0.012
0.895 -0.371 0.023
0.867 -0.496 0.008
0.926 -0.387 0.0
0.914 -0.426 0.016
0.895 -0.398 -0.008
0.922 -0.324 -0.016
0.918 -0.316 -0.043
0.895 -0.461 0.066
1.012 -0.562 0.141
1.039 -0.773 0.16
0.891 -0.441 0.066
0.812 -0.488 0.055
0.758 -0.43 0.078
0.785 -0.422 -0.004
0.828 -0.527 0.027
0.820 -0.473 -0.02
0.812 -0.461 -0.066
0.816 -0.328 -0.07
0.707 -0.355 -0.047
0.922 -0.449 0.062
0.863 -0.492 -0.027
0.875 -0.398 -0.031
0.902 -0.445 0.035
0.898 -0.289 -0.055
0.945 -0.293 -0.031
0.910 -0.336 -0.012
0.926 -0.375 0.0
1.027 -0.43 0.09
1.148 -0.555 0.07
0.852 -0.457 0.098
0.809 -0.5 0.105
0.742 -0.43 0.035
0.781 -0.379 0.012
0.863 -0.437 0.012
0.855 -0.43 -0.031
0.828 -0.34 -0.121
0.926 -0.441 -0.043
0.762 -0.398 -0.102
0.918 -0.434 0.012
0.883 -0.469 0.012
0.852 -0.52 0.023
0.922 -0.398 0.023
0.937 -0.32 -0.02
0.883 -0.379 -0.031
0.887 -0.375 -0.023
0.914 -0.32 -0.043
0.875 -0.297 -0.094
0.906 -0.348 -0.016
0.906 -0.426 0.012
1.070 -0.559 0.082
0.887 -0.633 0.168
0.926 -0.484 0.109
0.816 -0.453 0.027
0.629 -0.43 0.004
0.703 -0.418 -0.008
0.820 -0.535 -0.035
0.848 -0.422 -0.07
0.863 -0.508 -0.039
0.766 -0.426 -0.066
0.805 -0.668 0.047
0.941 -0.387 0.047
0.879 -0.469 0.004
0.895 -0.445 0.027
0.895 -0.391 0.008
.875 -0.461 0.02
0.863 -0.434 -0.0
0.910 -0.32 0.012
0.895 -0.379 0.027
0.988 -0.402 0.027
1.035 -0.687 0.141
0.801 -0.555 0.141
0.848 -0.457 0.086
0.727 -0.461 0.055
0.723 -0.43 0.031
0.793 -0.473 0.031
0.844 -0.488 0.004
0.875 -0.387 -0.086
0.922 -0.703 0.105
0.812 -0.43 -0.031
0.871 -0.422 0.02
0.887 -0.512 0.031
0.937 -0.293 -0.012
