0.16566360268519428
0.24161367326650696
0.3048028594071485
0.36997506469241837
0.42031154519710384
0.4745886162596443
0.5174240616268018
0.5606304939472541
0.5985173398571001
0.6403033547277395
0.6856041691434643
0.6894040550835244
0.7100084997184836
0.7469476050434634
0.7691203333978923
0.7854235861710849
0.8016029506451049
0.8188176075819965
0.8346861461385445
0.8338476692567035
0.8295805305443916
0.8526852914651275
0.8643574929211547
0.8831017014786895
0.9218958553886576
0.9422139711105146
0.9446712027779364
1.0591621146134569
1.0485906905593945
1.0257131061697686
1.0178256913312116
1.0384887075581282
1.0445320623550796
1.0298415637376868
1.0214163615715846
1.0213061379003845
1.0134806868051374
1.0129234408715098
1.008720374644006
1.0064363825827374
1.0171678521355423
1.0001876887410568
0.9792015331158048
0.9900131913554333
1.01179753800687
1.0003997637687094
1.0031539562835148
0.9973039142409589
0.9794597495070068
0.9986653750006492
1.0091567875789849
0.9883720635659979
1.0066270601827778
1.0033558834423812
1.0062607681772298
1.0150460535634211
1.0076615362488903
1.0165451174822275
1.0226590534374944
1.021298675334163
1.0180338142916934
1.0161578872107837
1.0141122955768773
1.0118209485223968
1.0112854906695052
1.0085224870433165
1.0058570552143131
1.0020990077166991
0.9906606236295079
0.9894620991128175
0.9873615955074811
0.9878536682175731
0.9892817578113512
0.9937776646255245
0.9930329326340828
0.9973561910896923
1.0024404430752352
1.0146370239781413
1.0241745590312077
1.02127891986596
1.0054544305368416
0.9946925075511914
0.9900840014717531
0.9918139083222008
1.0004730017076562
1.0303154565220578
1.0350976152832871
1.0347474987417895
1.0194196755302096
1.0181665343634725
1.014248131281065
1.0049460680326339
0.9873527097759055
0.9719021987347923
1.025241892416657
1.0295264600969833
0.999337462730239
1.001490424200619
1.003228443994992
0.9966748173025359
0.977010315645463
0.9818785607926646
0.9842814614533595
1.045875088697217
1.0015060244197627
0.9863748831672029
0.9802453927273608
0.9840560309984451
0.9860393243887028
0.9939929095057913
1.000994402916852
0.9797138871882353
0.9678310742289091
0.9771718628882411
1.0365471176898249
0.9938183497139588
0.9772285911218455
0.9870252797353444
0.9840621379755254
0.9998431855692739
1.0328988871730365
1.0181269838237912
1.0194773160883863
1.0345228765182846
1.042087512120779
1.0331767249662709
1.0241224472305104
1.0312200007723993
1.0364324827131415
1.0260647225087791
1.0162957485647715
1.0170425102262575
1.0111003767997635
1.0111148525983977
1.0078963692021612
1.0084586408822285
1.0110464279024565
1.0233386506214133
1.0299308725961978
1.038160930728955
1.0362297007331864
1.0456160648329595
1.0449449313086845
1.0321302472740188
1.0202758813302852
1.0028099787023983
0.994543610302734
1.019493188242771
1.008167702486013
0.9970714486040841
0.9954821532413306
0.9920821336776452
0.9945153386145055
0.9925547270296864
0.9823927478440868
1.024242475746638
0.9901636919684123
0.9706705383803927
0.9835666487515234
0.984055258243666
0.9862169903832846
0.975818248731586
0.9751362788890081
0.975227000088513
0.9800166304492106
0.9847396164349899
0.982184056261027
0.9790795313355297
0.9805161105358625
0.9782162619613751
0.981400045353626
1.0561161588907286
1.0718066462872085
1.0548747473249598
1.0417189997614498
1.0373353971386565
1.026820282674383
1.0312063455819718
1.0265800683084494
1.0139671369193637
1.0289627219495765
1.0245669748940704
1.0261329049735641
1.0188710598831703
1.0256710853509385
1.0098095200880453
1.0013968734655831
0.9999299648922036
1.0024365860883415
1.0008973461453226
0.9969704907621364
0.9973833422513956
0.9940371609943649
0.9922671072973815
0.9902402474585486
0.988053949954251
0.9882822722364328
0.984116762970224
0.9851461575795437
0.983405456636287
0.9799167931465274
0.9816720573563459
0.9807930132342286
0.9749035332659186
0.9747870863170636
0.974886079989625
0.9746325937825862
0.9749930366900003
0.9748269861847817
0.9747458319283955
0.9756630762314479
0.9760512657545884
0.9762961146925324
0.9763945258084177
0.9758657201025638
0.975493946348267
0.9759457390278311
0.9759602186473149
0.9764003544871902
0.976769746426852
0.9770001644726496
0.9769355498673412
0.9774833491583046
0.9778154615804955
0.9778865528699178
0.9786341421024897
0.9781878856033103
0.9782901245448898
0.9755108689117428
0.9736771766036092
0.9605306822988372
0.9355834845418923
0.9229345520602803
0.8988065405388445
0.8940863359095811
0.861685017463122
0.912361322958983
1.0832428573626305
1.07202546587715
1.105529453697068
1.102967473274292
1.1011072452808637
1.0934182151670513
1.0890497852723409
1.0867939753485079
1.0820769996095787
1.073080218241447
1.0640770790207255
1.0554485770086688
1.0493971339035228
1.038690569414751
1.0364057087848728
1.0370593014449587
1.0382276330049345
1.039061451567832
1.0342495762402268
1.0405421343897328
1.0323843972303608
1.035492240460681
1.0322763997859665
1.029736372452897
1.0291535623594212
1.028416247062696
1.0308123981863824
1.0280954593690812
1.025120397656787
1.0246230387394317
1.020889745287108
1.0231112035825876
1.0212104644600033
1.0275353840559747
1.0318171511140914
1.0259329084497306
1.0142871536101832
0.9940099249305376
0.9935170119167481
0.9934852526117773
1.0006472924159737
1.0104852417202073
1.014935883938505
1.0154071754867942
1.0129350267767696
1.0093822708840234
1.0067065170094454
1.0074959759404623
1.0039576804985577
0.9898021655359497
0.9654861599090613
0.9513910548217349
0.9459417608143689
0.945913943010797
0.9521069016912119
0.9532117595638693
0.9560253788854123
0.9591014914167585
0.960127590557131
0.9615615013877032
0.9636281993800434
0.9648068228474862
0.9650620746519789
0.9659142721630047
0.9667181001318322
0.9674488528307663
0.9685917678592509
0.9688305441517028
0.9707563716248484
0.9712331116857663
0.9711519798806648
0.9721087659825106
0.9727941414322788
0.9736549652126517
0.9737794788364013
0.9759340101325438
0.9762176578820955
0.9762859883722546
0.9767772966009001
0.9676029066297592
0.967328776626415
0.9500873835986379
0.9321109241646014
0.9287138891200585
0.9062742890418455
0.8718414475848006
0.8283401192684124
0.8786746446580374
0.9172160783923786
0.9983215632582122
1.0181410849783405
1.0092614993467408
1.0010600631073567
1.005112523402078
1.0122420871208584
1.0047735978777768
1.0065717320066938
1.0080234348921793
1.0032320088280207
1.0028116472265138
1.0084293611217479
1.0100196475373837
1.0098679640630346
1.016106513034758
1.0139326970658362
1.0162533569633656
1.0169283401560956
1.0235589573483224
1.0153565250784993
1.0258027110529517
1.020648397088239
1.0158852790694057
1.017206115491453
1.0191734209617058
1.0194880502608923
1.022067813816986
1.0263661764199936
1.02222538912334
1.0229847167636674
1.0211940694084924
1.0206368833302493
1.017566641729044
1.019831686493629
1.018933666291887
1.008917491425388
0.9942364024731567
0.9939076852127001
0.9923438672390581
0.9898829280683787
0.9893191483207876
0.9908513570455143
1.0100298210917278
1.0348632881040982
1.0481868865444908
1.0462459778268203
1.0385860240599794
1.0279577587314903
1.0260821140558376
1.0161157763416986
0.9941388349364403
0.9656137716086991
0.9584129319339951
0.9597394494727719
0.9593371435640594
0.9565273413124175
0.9609563771823155
0.9648110123524055
0.9665701079616459
0.9674459047060114
0.9696151608375481
0.9715824430162407
0.9730446247119873
0.9743215843925861
0.9727506945723928
0.9739395937481401
0.9745438633307931
0.9760789921142777
0.9764720817740387
0.9776917909448531
0.9818578056721072
0.9917598646598271
0.9812085271849385
0.9919474445451719
0.982627844233889
0.9747244761091455
0.9764351278105152
0.9713744941525406
0.9777729628077609
0.979155407898767
0.980222326978496
0.9700951465466207
0.9541824943944143
0.9620250297447005
0.9248031938693494
0.9104310720499605
0.9176071545977976
