0.887 0.187 0.375
0.844 0.137 0.367
0.895 0.199 0.402
0.820 0.129 0.434
0.918 0.246 0.375
0.836 0.129 0.371
0.898 0.246 0.41
0.852 0.148 0.383
0.883 0.223 0.395
0.883 0.187 0.375
0.902 0.141 0.535
0.863 0.137 0.73
0.609 0.047 0.395
0.820 0.352 -0.207
1.016 0.434 0.16
0.891 0.203 0.383
0.879 0.172 0.312
0.871 0.254 0.324
0.871 0.312 0.355
0.875 0.371 0.289
0.707 0.008 0.426
0.711 0.152 0.301
0.988 0.258 0.363
0.746 0.32 0.551
0.852 0.648 -0.016
1.035 0.457 0.66
0.785 0.832 0.059
0.750 0.578 0.207
0.965 1.816 0.793
0.910 0.246 0.02
0.727 0.316 0.082
0.719 0.238 0.555
0.879 -0.344 0.812
0.898 -0.184 0.617
0.754 -0.406 0.215
0.863 -0.098 0.352
1.020 -0.02 0.004
0.930 -0.012 0.098
1.004 0.082 -0.004
0.930 0.258 -0.055
0.957 0.102 -0.203
1.094 -0.152 0.211
0.809 -0.172 0.074
0.730 0.23 0.078
0.562 0.934 0.133
0.930 0.746 0.301
0.656 0.508 0.312
0.559 0.738 0.453
0.758 0.262 0.488
0.586 0.453 0.305
0.785 0.883 0.148
0.441 1.023 0.012
0.707 0.301 0.137
0.707 0.953 0.078
0.625 0.742 0.031
0.527 0.891 -0.016
0.648 0.891 0.051
0.637 0.68 -0.062
0.695 0.859 -0.031
0.621 0.887 -0.047
0.523 0.844 -0.172
0.480 0.75 -0.422
0.570 0.648 -0.5
0.582 0.535 -0.602
0.500 0.453 -0.723
0.453 0.348 -0.828
0.430 0.215 -0.855
0.422 0.223 -0.855
0.316 0.098 -0.906
0.074 0.191 -0.852
0.508 0.359 -0.754
0.516 0.367 -0.73
0.668 0.184 -0.711
0.684 0.379 -0.629
0.754 0.367 -0.613
0.723 0.219 -0.633
0.820 0.32 -0.555
0.844 0.285 -0.562
0.953 0.371 -0.496
0.852 0.328 -0.648
0.680 0.32 -0.648
0.484 0.348 -0.602
0.383 0.367 -0.711
0.578 0.227 -0.711
0.633 0.414 -0.668
0.750 0.262 -0.742
0.887 0.43 -0.891
0.836 0.043 -0.687
0.852 -0.059 -0.578
0.781 -0.148 -0.344
0.957 -0.098 -0.293
0.937 -0.141 -0.23
0.844 -0.234 -0.254
0.523 -0.566 -0.254
0.660 -0.293 -0.383
1.289 -0.875 -0.047
1.066 -0.051 0.105
0.645 -0.258 0.062
1.004 -0.195 0.023
0.965 -0.289 -0.164
0.879 -0.227 -0.207
0.652 -0.371 -0.215
0.926 -0.152 -0.426
0.863 0.039 -0.52
1.469 -0.73 -0.266
0.465 -0.297 -0.082
0.781 -0.211 -0.207
0.867 -0.27 -0.141
0.992 -0.164 -0.184
0.977 -0.105 -0.215
0.824 -0.672 -0.148
1.004 -0.273 -0.254
0.676 -0.238 -0.273
0.758 -0.051 -0.379
0.996 -0.27 -0.285
1.223 -1.078 0.008
0.277 -0.488 -0.078
0.801 -0.129 -0.004
1.082 0.078 -0.02
0.883 -0.332 0.145
1.141 0.195 -0.016
0.668 -1.082 -0.492
0.809 -0.285 -0.148
0.465 -0.918 -0.09
0.559 -1.043 0.062
0.473 -1.0 0.16
0.340 -0.879 0.055
0.277 -0.891 0.031
0.355 -1.043 0.031
0.426 -1.0 0.059
0.305 -0.867 0.078
0.395 -0.824 0.094
0.504 -0.887 0.094
0.426 -0.844 0.109
0.449 -0.898 0.121
0.418 -0.867 0.16
0.406 -0.895 0.25
0.406 -0.926 0.23
0.297 -1.051 0.348
0.187 -1.055 0.23
0.527 -0.973 0.176
0.266 -0.977 0.094
0.379 -1.047 0.242
0.187 -1.008 0.164
0.371 -0.816 0.117
0.336 -0.828 0.121
0.453 -0.684 0.113
0.695 -0.59 -0.02
1.164 -0.406 -0.301
0.738 0.047 -0.504
0.840 -0.145 -0.242
0.949 -0.113 -0.215
0.902 -0.309 -0.094
0.965 -0.324 -0.043
0.953 0.094 0.172
0.832 -0.289 0.004
1.285 -0.633 -0.172
0.371 -0.148 -0.512
0.555 -0.461 -0.285
1.043 -0.285 -0.262
0.887 -0.27 -0.344
0.875 -0.344 -0.363
0.758 -0.238 -0.359
0.730 -0.609 -0.184
0.934 -0.281 0.039
1.000 -0.234 0.043
0.961 -0.152 -0.344
0.887 -0.113 -0.34
0.895 -0.02 -0.312
0.965 -0.094 -0.223
0.941 0.008 -0.164
0.973 -0.281 -0.031
1.176 -1.367 0.012
1.184 -0.32 -0.074
0.812 -0.332 -0.121
0.852 -0.293 -0.129
0.613 -0.746 -0.234
0.887 -0.152 -0.199
0.941 -0.492 -0.168
0.871 -0.445 -0.066
0.820 -0.34 -0.016
1.051 -0.512 0.152
0.957 -0.211 -0.035
0.973 -0.371 0.031
0.828 -0.457 -0.031
1.000 -0.426 -0.121
0.801 -0.219 -0.187
0.848 -0.32 -0.141
0.895 -0.395 -0.117
0.961 -0.34 -0.129
0.914 -0.332 -0.16
0.883 -0.34 -0.148
0.941 -0.316 -0.133
0.895 -0.312 -0.156
0.910 -0.312 -0.156
0.910 -0.293 -0.164
0.910 -0.289 -0.148
0.918 -0.336 -0.16
0.883 -0.281 -0.172
0.930 -0.324 -0.145
.895 -0.332 -0.148
0.887 -0.277 -0.172
0.941 -0.312 -0.125
0.918 -0.281 -0.152
0.844 -0.32 -0.156
0.914 -0.297 -0.156
0.922 -0.285 -0.145
0.918 -0.285 -0.145
0.918 -0.305 -0.148
0.918 -0.285 -0.152
0.910 -0.312 -0.152
0.922 -0.309 -0.156
0.922 -0.293 -0.156
0.922 -0.289 -0.156
0.918 -0.297 -0.156
0.914 -0.289 -0.152
0.914 -0.293 -0.152
0.918 -0.309 -0.152
0.914 -0.309 -0.148
0.918 -0.312 -0.148
0.918 -0.309 -0.152
0.922 -0.293 -0.152
0.918 -0.289 -0.164
0.922 -0.305 -0.152
0.922 -0.297 -0.156
0.918 -0.305 -0.148
0.926 -0.301 -0.156
0.914 -0.293 -0.164
0.906 -0.344 -0.141
0.871 -0.352 -0.125
0.863 -0.395 -0.109
0.707 -0.43 -0.051
0.547 -0.414 0.012
0.711 -0.352 -0.07
0.566 -0.312 -0.121
0.691 -0.484 -0.074
0.391 -0.367 -0.039
1.223 0.172 -0.699
2.500 0.633 -1.07
-0.055 0.949 -0.133
0.000 1.418 -0.254
0.129 1.039 -0.254
0.238 1.023 -0.262
-0.152 1.004 -0.047
-0.215 0.992 -0.25
0.082 1.043 -0.195
0.148 0.973 -0.32
-0.105 0.891 -0.402
-0.227 0.844 -0.43
-0.227 0.77 -0.543
-0.113 0.848 -0.496
-0.145 0.762 -0.516
-0.121 0.871 -0.504
-0.129 0.937 -0.441
-0.086 0.961 -0.414
-0.074 0.949 -0.437
-0.043 0.906 -0.387
0.180 0.965 -0.504
0.027 0.844 -0.437
0.055 0.988 -0.398
0.074 0.898 -0.434
0.195 0.879 -0.445
0.301 0.875 -0.437
0.305 0.848 -0.48
0.492 0.828 -0.43
0.477 0.66 -0.582
0.539 0.668 -0.504
0.590 0.684 -0.473
0.602 0.516 -0.582
0.660 0.609 -0.535
0.687 0.469 -0.559
0.879 0.191 -0.617
0.980 0.078 -0.434
0.812 0.184 -0.492
0.695 0.168 -0.543
0.504 0.355 -0.496
0.691 0.207 -0.676
0.789 0.105 -0.594
0.871 -0.074 -0.621
0.906 -0.152 -0.621
0.879 -0.289 -0.516
0.840 -0.434 -0.383
0.766 -0.547 -0.301
0.762 -0.543 -0.27
0.762 -0.57 -0.234
0.828 -0.547 -0.215
.816 -0.484 -0.195
0.727 -0.395 -0.187
0.645 -0.293 -0.141
0.730 -0.332 -0.117
0.820 -0.32 -0.141
0.863 -0.363 -0.133
0.926 -0.387 -0.145
0.902 -0.285 -0.187
0.922 -0.289 -0.187
0.922 -0.312 -0.18
0.906 -0.293 -0.187
0.914 -0.281 -0.195
0.926 -0.281 -0.18
0.918 -0.273 -0.191
0.906 -0.281 -0.191
0.914 -0.273 -0.199
0.914 -0.277 -0.195
0.914 -0.277 -0.195
0.922 -0.266 -0.199
0.914 -0.27 -0.187
0.934 -0.258 -0.203
0.918 -0.262 -0.203
0.914 -0.258 -0.199
0.922 -0.266 -0.207
0.918 -0.281 -0.195
0.926 -0.254 -0.207
0.914 -0.266 -0.211
0.934 -0.305 -0.172
0.895 -0.371 -0.141
0.918 -0.289 -0.168
0.914 -0.312 -0.176
0.797 -0.328 -0.156
0.902 -0.293 -0.176
0.664 -0.398 -0.074
0.664 -0.352 -0.035
0.801 -0.391 -0.078
0.582 -0.297 -0.195
0.430 -0.277 -0.129
0.297 -0.164 0.199
1.113 0.617 -0.539
0.227 1.281 -0.066
-0.641 1.691 -0.059
0.152 1.199 0.137
0.094 0.914 -0.055
-0.254 0.84 -0.273
-0.102 1.027 -0.168
0.027 1.082 -0.051
0.086 0.895 -0.238
-0.082 1.004 -0.187
-0.062 0.996 -0.223
0.020 0.926 -0.234
0.043 0.98 -0.187
0.047 1.047 -0.187
0.070 1.004 -0.199
0.098 0.992 -0.152
0.074 1.07 -0.113
0.055 0.98 -0.145
0.062 1.027 -0.148
0.078 1.012 -0.133
0.129 1.074 -0.133
0.168 0.898 -0.191
0.152 1.113 -0.125
0.160 0.934 -0.203
0.102 0.934 -0.234
0.191 0.992 -0.203
0.199 1.0 -0.199
0.316 0.945 -0.23
0.371 0.93 -0.309
0.578 0.852 -0.289
0.551 0.711 -0.391
0.629 0.687 -0.441
0.691 0.543 -0.484
0.750 0.449 -0.516
0.816 0.094 -0.547
0.957 0.078 -0.406
0.934 -0.031 -0.383
0.781 0.176 -0.43
0.605 0.293 -0.516
0.711 0.172 -0.668
0.797 0.168 -0.539
0.816 0.141 -0.496
0.781 -0.008 -0.598
0.852 -0.191 -0.5
1.023 -0.223 -0.59
1.090 -0.039 -0.676
1.020 -0.348 -0.484
0.895 -0.395 -0.312
0.816 -0.469 -0.199
0.758 -0.48 -0.211
0.836 -0.535 -0.172
0.766 -0.477 -0.16
0.676 -0.344 -0.156
0.617 -0.277 -0.074
0.781 -0.414 -0.066
0.852 -0.453 -0.125
0.879 -0.328 -0.18
0.875 -0.25 -0.184
0.910 -0.414 -0.105
0.961 -0.258 -0.129
0.918 -0.332 -0.125
0.926 -0.277 -0.137
0.941 -0.289 -0.117
0.937 -0.293 -0.137
0.934 -0.285 -0.148
0.930 -0.285 -0.168
0.887 -0.262 -0.246
0.895 -0.348 -0.223
0.910 -0.301 -0.207
0.949 -0.262 -0.117
0.930 -0.289 -0.113
0.984 -0.07 -0.082
0.984 -0.258 -0.113
0.992 -0.453 0.023
0.719 -0.484 -0.125
1.066 -0.176 -0.203
0.828 -0.176 -0.273
0.785 -0.414 -0.121
0.863 -0.484 -0.09
0.875 -0.258 -0.125
0.977 -0.359 -0.043
