0.17233656967196126
0.24632339651464255
0.3126632682620898
0.37409173901117615
0.42992255749074526
0.4818324673636146
0.5270224582111915
0.5683385867959836
0.6061441402566013
0.6405940726503057
0.6732416078588381
0.7011584604412434
0.7275505670813367
0.7509266300736512
0.772327357231973
0.7915219469297451
0.8092778947197893
0.8255909403409114
0.8454294583751054
0.8590783417074956
0.8776123981223299
0.8846195482477911
0.893065213567364
0.9039086329982431
0.913026046293598
0.9200829793895522
0.9244084037929773
0.930670182935059
0.9065678835359993
0.9168795376167115
0.9233815100440395
0.9284839682439848
0.9292793009981682
0.9376181251153978
0.9455830381801903
0.9709250466256534
0.9720168506622199
0.9753477758687161
0.9879563181252127
0.9991566305220819
1.0047826534932573
0.9950012551230593
1.006002240721748
0.9955795737741101
0.9994227504985741
0.9819228448371494
0.9834877796452012
0.9732998614157438
0.9763965458545009
0.9992220125970811
1.0083383482990989
1.004593289261145
0.9856102167892691
0.9875748269985652
0.9857600723401547
1.0195233583073537
1.0164118629672165
1.0145740357787263
1.015761763588597
1.0177571872842575
1.0222975157844554
1.0187108173464463
1.0358545622306525
1.0234692915729637
1.0148927204860663
1.0108677317571648
1.0131888926643915
1.0177017800977952
1.0139998037923394
1.0088612623802513
1.0285544598032685
1.0240395259954178
1.0231643095447167
1.0185841080190892
1.0145499990931743
1.0095633944597913
1.0131644850075654
0.9979816818568438
1.0004111038239936
1.0103423581408497
0.9813738925443679
0.9741511799905599
0.973534487445502
0.9761399514852958
0.9902858350640106
0.9973351382125304
0.9534254609823634
0.9645639961885291
0.9688656247264915
0.973151149534779
0.9687815852092085
0.9579206135665131
0.9517199611524816
0.9357546149750788
0.9464571768230967
0.9651955105326536
0.9645330220804201
0.9652524667747613
0.9686552788573348
0.9670640656143206
0.9610733747683899
0.9614335436546676
0.9758450233867767
0.9896380376022308
0.9812288119963765
0.9777369305490166
0.9854013611871077
0.9965682272641274
0.9928359294443528
0.9830047178567797
0.9907718580584493
1.0029534445695794
1.002370314224781
1.0013017833613214
0.9987806867060759
1.0021858885552004
0.9893078226875027
0.9818665779952024
0.9831072927115643
0.9823710586386714
0.9866839705658085
0.9803340930433582
0.9801796085240565
0.9811178144583333
0.9816338590355066
0.9780160141789236
0.9787861682531951
0.9778674753117552
0.9797304917630573
0.97939270673408
0.9776369300675896
0.977986809939317
0.9773727083297559
0.9778232218005187
0.9777876415509986
0.976159597688288
0.9757572254040139
0.9749788333798296
0.9787639815445239
0.9791649794948067
0.9781015082039914
0.9776242328128167
0.9762161321612008
0.9766294809016188
0.9763058812230995
0.9770024363195575
0.9792292946705502
0.9784301838716515
0.977662678863964
0.9997388641417022
1.0054577151499189
1.007103107690459
1.01168063510463
1.0093180909920338
1.000708788749066
0.9802108605268042
0.982892002460973
0.9756863066729724
0.9759531870074057
0.9819193527168714
0.9901734825024916
0.9902816847498596
0.9870855384734667
0.981611447805162
0.9693692670955776
0.9844125886781483
0.9972067160952413
0.9996011336508711
1.0027731756753597
0.9986018129535459
1.0057171450257558
1.009496176728343
1.0396677619379848
1.052616785139259
1.0511620046877672
1.0347732548068684
1.0160846323792139
0.9917133629310034
1.0329620002411875
1.0376359034154887
1.029667519838664
1.028505244467239
1.0205028707164148
1.0298471785008472
1.0082459396755712
1.0018633856794639
1.0056613272344765
1.015544525421348
1.019099886528502
1.0009094872520075
0.9952163645834484
0.9938297655159243
1.0017455437351108
1.021824197139322
1.0429392437366378
1.0209928728093798
1.0104029006036273
1.022615258261843
1.089404022617375
1.0606725309759168
1.0402525943390666
1.0336894826726963
1.0301588708773393
1.0276660872512862
1.025370541472569
1.0284558748724733
1.0088012395298949
0.9955004812564034
0.9978248963800279
1.0771420521697075
1.0312856449582075
1.0084170739616978
1.0062208956220928
1.00515109747819
1.01597309260934
1.0012571009326572
1.01177531671796
0.9980542144068368
0.9846175177615116
0.9835716566784852
0.9671658436915093
1.0117042078197143
1.0158598426117744
1.0210440654714752
1.026310259166795
0.9964576851613043
1.00427327855265
0.9956783014966423
0.9811865554921433
1.0360783713532806
1.0203572984343767
1.0130900887741212
1.009351913808396
1.005192414945318
1.0055488296618054
1.0062172341022275
1.0088424566074439
0.9943723344470473
0.996898972102716
0.9883308322399205
1.0042226662244134
0.9903723439679255
0.993087377916048
0.9920030733529789
0.9941457260005631
0.9943684057896949
1.00372593570413
0.9994269066198949
0.9912557189011841
0.9951479805649958
0.9915471270209676
0.9948145857183655
0.989760909553133
0.9850662264470593
0.9795758271045436
0.9705413490909408
0.9739128092916226
0.9746158326799942
0.9752360969645474
0.9769734080656545
0.977087507415483
0.9767086745753791
0.9771570653471628
0.9772500077149506
0.9776491863831368
0.9776029162680847
0.9778302480579106
0.9782858897600747
0.9789151815859679
0.9782106918318392
0.9783631051571832
0.9783311645629408
0.9790773222740478
0.9789008494791953
0.9787407918099563
0.9785949126936575
0.9782152195402087
0.9784947883885683
0.9787367122538702
0.9790929272144218
0.979089029267035
0.9785602371008504
0.9785847067198108
0.9779622909679682
0.9777333555588846
0.9780567302237283
0.9774516215951816
0.9773454998473118
0.9777041341222984
0.9778432023127857
0.9773450580221006
0.9774391239392581
0.9770849788113513
0.9772636216278798
0.9778451107741222
0.977722955984575
0.9779820319669404
0.9774237596412221
0.9778767577262234
0.9781444701491956
0.9779280458980747
0.9785078921572836
0.9777997465749625
0.969581702532979
0.9695275539400992
0.9678096711434818
0.9610457885067902
0.9494341228712286
0.9139010659641745
0.8885318906362886
0.8962414499758918
1.0003250180880956
1.0334812518116885
1.0566990498830613
1.008563303725761
1.0122935590959357
1.2425827813088033
1.1792947718893225
1.1444914092572407
1.152881951194711
1.125849605985733
1.119213790953117
1.1138674616146707
1.114688058634972
1.1093385749807563
1.1084629158401365
1.1200098561487655
1.1066668104639794
1.1043647852799572
1.1014773419650288
1.0836990984076478
1.072537823563582
1.0522558118791874
1.042689021625506
1.0273410692138591
1.029656949136459
1.0217723443208988
1.0273525960685996
1.0297596470708756
1.0194429663593942
1.0195375347696596
1.0077638977600698
1.0020536635543877
0.9984955419955416
1.013235978223378
1.0196763251222631
1.030020032027966
1.0400166558989248
1.0590752102685543
1.067569861819048
1.067841704722931
1.0591630470484423
1.0397530967151354
1.019622558438498
1.0070604832485128
0.9908330199165448
0.9756520930891781
0.9800723451223078
0.9779332894722065
0.9780940809298966
0.9909380286254212
0.9901579223687444
0.9824380380542478
0.9837246882317903
0.9610542668259686
0.9641203682980077
0.9673926978411689
0.9670583333164295
0.9670425473837972
0.9691046539471735
0.9636820382504184
0.9643383659371308
0.968327309267461
0.9680056535271575
0.9702079871915362
0.9711947319447528
0.9729417136431887
0.9734596351891903
0.9711173566311952
0.9722886446091832
0.9723533599969373
0.9731298263371094
0.9733807841877812
0.9736324462148226
0.9741839914413931
0.9745029642199037
0.9747430399264605
0.9748246558471816
0.9754092152161118
0.9759723583531684
0.976092620966319
0.9758612120275335
0.9761900502647098
0.9763444585775596
0.9763784610288974
0.9769321308464587
0.97761221195816
0.9782380859433073
0.9781523733209906
0.9780288141776925
0.977718448861662
0.9780898119333574
0.9782109916846706
0.9782738512243102
0.9779644793553026
0.9779683591810042
0.9773712374908073
0.9781640602434856
0.9780850772302436
0.9787897702523357
0.9784572262262473
0.9785746554270435
0.9780037044028957
