0.918 0.262 -0.164
0.988 -0.215 -0.09
0.977 0.117 -0.066
0.969 0.094 -0.07
0.980 0.078 -0.102
0.980 0.09 -0.09
0.992 0.102 -0.086
0.973 0.074 -0.078
0.973 0.113 -0.062
0.977 0.086 -0.082
0.977 0.102 -0.074
0.992 0.113 -0.051
0.973 0.094 -0.074
0.984 0.102 -0.066
0.977 0.098 -0.074
0.980 0.09 -0.066
0.977 0.094 -0.062
0.980 0.098 -0.062
0.980 0.117 -0.059
1.027 0.176 -0.062
0.977 0.191 -0.012
1.000 0.355 0.062
0.879 0.355 0.113
0.926 0.312 0.027
0.898 0.465 0.047
0.875 0.492 0.027
0.848 0.512 -0.012
0.789 0.547 0.121
0.746 0.637 0.156
0.535 0.391 0.062
0.602 0.762 0.312
0.500 0.824 0.219
0.453 0.828 0.262
0.406 0.785 0.312
0.414 0.773 0.523
0.379 0.848 0.434
0.664 0.762 0.691
0.426 0.781 0.418
0.266 0.848 0.477
0.543 0.832 0.504
0.422 1.016 -0.156
0.512 0.828 0.422
0.430 0.754 0.227
0.605 0.863 0.367
0.359 0.598 0.555
0.367 0.777 0.582
0.254 0.629 0.437
0.645 0.711 0.277
0.359 0.738 0.293
0.051 0.812 0.594
-0.137 0.937 0.781
-0.152 0.77 0.77
-0.270 0.641 0.672
-0.230 0.594 0.477
-0.254 0.863 0.453
-0.348 0.781 0.453
-0.777 1.0 0.488
-0.273 0.891 0.32
-0.395 0.875 0.266
-0.312 0.957 0.207
0.277 0.996 0.09
-0.164 1.055 -0.008
-0.043 0.977 -0.098
0.520 1.023 -0.375
0.793 0.406 -0.125
0.898 0.187 -0.148
0.883 0.379 -0.137
0.875 0.551 -0.07
0.828 0.656 -0.117
0.672 0.695 -0.141
0.754 0.562 -0.18
0.793 0.898 -0.258
0.645 0.715 -0.176
0.742 0.648 -0.242
0.684 0.66 -0.207
0.629 0.719 -0.191
0.633 0.691 -0.207
0.715 0.73 -0.238
0.586 0.582 -0.184
0.676 0.727 -0.254
0.781 0.738 -0.277
0.473 0.473 -0.176
0.543 0.707 -0.137
0.742 0.594 -0.18
0.719 0.668 -0.203
0.746 0.793 -0.309
0.754 0.715 -0.246
0.469 0.187 0.098
0.797 0.383 -0.613
0.824 0.52 -0.273
0.758 0.676 -0.027
0.082 0.906 0.168
0.512 0.676 -0.047
0.555 0.691 -0.078
0.531 0.566 0.004
0.707 0.781 0.004
0.762 0.863 -0.055
0.664 0.684 -0.094
0.582 0.695 -0.352
0.613 0.766 -0.207
0.645 0.613 -0.336
0.551 0.66 -0.27
0.504 0.789 -0.234
0.207 0.906 -0.625
0.477 0.891 -0.5
0.605 0.598 -0.285
0.809 0.461 -0.148
0.895 0.504 -0.27
0.965 0.48 -0.258
0.930 0.141 -0.168
0.816 0.293 -0.176
0.969 0.391 -0.223
1.109 0.187 -0.016
0.965 0.187 -0.164
0.961 0.07 -0.23
0.902 0.203 -0.305
0.992 0.234 -0.187
0.805 0.219 -0.211
0.762 0.402 -0.285
0.824 0.348 -0.437
0.789 0.34 -0.461
0.871 0.305 -0.457
0.703 0.227 -0.543
0.754 0.277 -0.559
0.691 0.203 -0.68
0.695 0.137 -0.687
0.500 -0.043 -0.797
0.605 -0.098 -0.773
0.562 -0.137 -0.777
0.660 -0.168 -0.73
0.574 -0.16 -0.773
0.410 -0.234 -0.836
0.441 -0.223 -0.848
0.379 -0.219 -0.867
0.453 -0.184 -0.852
0.621 -0.176 -0.734
0.570 -0.148 -0.758
0.543 -0.164 -0.789
0.551 -0.148 -0.781
0.609 -0.145 -0.801
0.586 -0.191 -0.766
0.570 -0.156 -0.766
0.578 -0.16 -0.766
0.562 -0.152 -0.766
0.586 -0.16 -0.77
0.578 -0.141 -0.77
0.598 -0.133 -0.77
0.621 -0.086 -0.781
0.594 -0.18 -0.746
0.594 -0.086 -0.762
0.809 -0.25 -0.879
0.598 -0.437 -0.762
0.562 -0.34 -0.785
0.598 -0.297 -0.82
0.543 -0.246 -0.785
0.512 -0.273 -0.707
0.406 -0.508 -0.422
0.414 -0.859 -0.332
0.695 -0.5 -0.289
0.719 -0.586 -0.312
0.789 -0.621 -0.277
0.684 -0.781 -0.27
0.652 -0.723 -0.187
0.758 -0.543 -0.207
0.680 -0.5 -0.383
0.680 -0.258 -0.434
0.879 -0.703 -0.145
1.082 -0.305 -0.047
0.844 -0.578 -0.035
1.016 -0.164 -0.105
0.937 -0.129 -0.145
1.020 -0.195 -0.285
1.016 -0.187 -0.172
1.234 -0.523 -0.055
1.098 -0.422 -0.117
0.863 -0.57 0.07
0.656 -0.559 -0.125
0.520 -0.617 -0.191
0.586 -0.422 -0.195
1.152 -0.859 0.156
1.062 -0.219 0.008
0.934 -0.172 -0.023
0.957 -0.34 -0.051
.762 -0.551 -0.016
1.066 -0.305 -0.18
0.621 -0.332 -0.363
0.781 -0.215 -0.473
0.961 -0.176 -0.367
1.031 -0.293 -0.305
0.973 -0.406 -0.027
0.719 -0.328 -0.215
0.875 -0.277 -0.195
0.922 -0.223 -0.246
1.012 -0.152 -0.348
0.809 -0.914 0.07
1.234 0.016 -0.223
0.656 -0.352 -0.297
0.777 -0.266 -0.379
1.055 -0.211 -0.391
1.625 -0.668 -0.035
0.691 -0.324 -0.125
0.766 -0.25 -0.223
0.910 -0.254 -0.211
0.926 -0.18 -0.316
0.902 -0.102 -0.426
0.816 -0.582 -0.016
1.020 -0.094 -0.27
0.723 -0.25 -0.273
0.777 -0.238 -0.289
0.875 -0.309 -0.426
1.719 -0.734 -0.066
0.535 -0.141 -0.148
0.547 -0.504 -0.234
0.941 -0.254 -0.137
0.914 -0.246 -0.305
1.055 -0.148 -0.359
0.633 -0.547 -0.172
1.027 -0.344 -0.273
0.691 -0.359 -0.367
0.746 -0.129 -0.387
0.898 -0.129 -0.352
0.605 -0.434 -0.301
1.156 -0.887 0.0
1.008 -0.281 -0.152
1.027 -0.16 -0.266
0.934 -0.441 -0.312
0.551 -0.402 -0.148
0.992 -0.367 -0.23
0.785 -0.266 -0.375
0.656 -0.441 -0.273
1.395 -0.742 -0.125
0.762 -0.383 -0.133
0.879 -0.289 -0.168
0.863 -0.441 -0.074
0.910 -0.258 -0.184
0.961 -0.258 -0.168
0.937 -0.34 -0.18
0.941 -0.402 -0.156
0.719 -0.422 -0.164
0.895 -0.406 -0.281
0.746 -0.398 -0.316
1.004 -0.559 -0.18
0.758 -0.301 -0.246
0.930 -0.391 -0.152
0.887 -0.395 -0.141
0.941 -0.355 -0.141
0.828 -0.543 -0.113
1.023 -0.305 -0.254
0.883 -0.199 -0.309
0.758 -0.465 -0.191
0.910 -0.449 -0.199
0.875 -0.273 -0.27
0.891 -0.453 -0.238
0.855 -0.246 -0.301
0.848 -0.242 -0.32
0.828 -0.297 -0.285
0.773 -0.391 -0.156
0.863 -0.488 -0.18
0.867 -0.422 -0.184
0.871 -0.41 -0.191
0.887 -0.41 -0.184
0.883 -0.371 -0.199
0.867 -0.398 -0.191
0.879 -0.387 -0.203
0.875 -0.383 -0.211
0.879 -0.387 -0.203
0.879 -0.371 -0.211
0.883 -0.367 -0.215
0.887 -0.367 -0.211
0.887 -0.371 -0.215
0.875 -0.367 -0.207
0.883 -0.371 -0.207
0.879 -0.371 -0.215
0.887 -0.379 -0.207
0.883 -0.359 -0.215
0.879 -0.371 -0.211
0.883 -0.359 -0.215
0.875 -0.371 -0.215
0.883 -0.379 -0.199
0.887 -0.367 -0.203
0.891 -0.359 -0.207
0.883 -0.371 -0.203
0.879 -0.363 -0.207
0.875 -0.391 -0.199
0.875 -0.375 -0.195
0.879 -0.371 -0.203
0.883 -0.379 -0.199
0.875 -0.363 -0.215
0.879 -0.371 -0.207
0.883 -0.379 -0.199
0.883 -0.367 -0.211
0.871 -0.375 -0.215
0.883 -0.367 -0.207
0.875 -0.371 -0.211
0.883 -0.371 -0.203
0.883 -0.383 -0.203
0.879 -0.367 -0.215
0.883 -0.375 -0.203
0.875 -0.371 -0.203
0.879 -0.391 -0.199
0.879 -0.387 -0.199
0.875 -0.379 -0.207
0.883 -0.371 -0.227
0.887 -0.305 -0.25
0.820 -0.184 -0.285
0.887 -0.262 -0.289
0.879 -0.207 -0.297
0.812 -0.184 -0.324
0.715 -0.293 -0.312
0.414 -0.293 -0.234
0.543 0.238 -0.227
0.430 -0.473 0.734
-0.676 1.895 0.344
1.172 -0.684 0.148
0.078 -0.988 0.824
0.211 0.055 0.48
-0.684 -0.68 0.414
-3.340 -1.172 0.203
0.328 -0.004 -0.437
-0.246 -0.465 -0.598
-0.547 -0.547 -0.965
-0.414 -0.375 -0.648
-0.680 -0.664 -0.453
-0.613 -0.848 -0.172
-0.441 -1.023 0.141
-0.430 -0.895 0.359
-0.367 -0.836 0.613
-0.418 -0.926 0.703
-0.367 -0.75 0.5
-0.437 -0.816 0.559
-0.293 -0.852 0.582
-0.227 -0.734 0.48
-0.258 -0.723 0.578
-0.238 -0.641 0.504
-0.176 -0.777 0.512
0.117 -0.812 0.301
0.289 -0.984 0.238
0.191 -0.898 0.215
0.512 -0.941 0.16
0.590 -0.863 0.133
0.629 -0.664 -0.055
0.793 -0.621 -0.164
0.648 -0.598 -0.121
0.660 -0.633 -0.238
0.730 -0.52 -0.352
0.891 -0.473 -0.574
0.867 -0.492 -0.426
0.910 -0.441 -0.512
0.914 -0.367 -0.574
0.984 -0.586 -0.5
0.973 -0.402 -0.469
0.859 -0.523 -0.367
0.754 -0.566 -0.238
0.695 -0.453 -0.164
0.707 -0.363 -0.195
0.758 -0.414 -0.176
0.672 -0.477 -0.086
0.762 -0.312 -0.027
0.867 -0.543 -0.051
0.867 -0.391 -0.102
0.914 -0.344 -0.078
0.859 -0.711 -0.098
0.855 -0.348 -0.336
0.793 -0.32 -0.297
0.879 -0.437 -0.172
0.613 -0.27 -0.301
0.930 -0.297 -0.191
0.902 -0.398 -0.168
0.879 -0.363 -0.156
0.875 -0.379 -0.16
0.832 -0.527 -0.098
0.809 -0.402 -0.105
0.848 -0.461 -0.105
0.879 -0.484 -0.098
0.848 -0.445 -0.117
0.875 -0.453 -0.117
0.867 -0.445 -0.113
0.875 -0.449 -0.117
0.867 -0.434 -0.133
0.844 -0.41 -0.133
0.863 -0.457 -0.121
0.875 -0.391 -0.168
0.883 -0.391 -0.172
0.875 -0.391 -0.184
0.879 -0.375 -0.199
0.883 -0.379 -0.191
0.879 -0.379 -0.199
0.879 -0.387 -0.18
0.875 -0.387 -0.191
0.875 -0.406 -0.18
0.883 -0.391 -0.176
0.879 -0.391 -0.172
0.875 -0.387 -0.18
0.879 -0.391 -0.184
0.879 -0.387 -0.184
0.883 -0.367 -0.199
0.875 -0.414 -0.168
0.883 -0.398 -0.176
0.887 -0.391 -0.172
0.879 -0.391 -0.172
0.875 -0.402 -0.164
0.875 -0.395 -0.168
0.883 -0.395 -0.168
