0.20269461923223026
0.2619893665540629
0.33024874547204425
0.375664739545396
0.4201783444714625
0.48567810197009553
0.5322002450749044
0.5760783231154832
0.6062460623707463
0.6314649970812861
0.6699621901798843
0.7013686642548926
0.7309982418938099
0.7743780287934382
0.7982445125343418
0.8285777287045358
0.8402138095589939
0.8422752734050796
0.8595466250619791
0.8820678820817417
0.8866933974957792
0.8939240723856574
0.9031146203778238
0.9083948994693163
0.9197265080182112
0.9507388260823713
0.9680402760018879
0.9777038265352309
0.9547410954115367
0.9586169099042544
0.9579290518990304
0.9710173359961225
0.9686818924049523
0.9489350445610963
0.9431376097625577
0.950570819987066
0.9358837158218267
0.9504490726724963
0.9711394949163762
0.9846414598733773
0.9847312581246771
0.985715610965931
0.9847252858817774
0.9865507556931482
0.9849922356532279
0.9847824957818645
0.9841113244574538
0.9845100075648993
0.9862589138168804
0.9855494584179282
0.9898606798459767
0.9927490731794851
1.0056620712027113
1.0417900833609586
1.0681689127390341
1.037826695279418
1.0167371589711074
0.9992015311064126
0.9956044632163444
0.9870000214502826
0.9992932438222627
0.9960937255367109
1.0170429283694753
1.0145344664392764
1.0323427463088632
1.098463289264586
1.0159789972569537
0.9708191402063573
0.9976934668709178
1.0058049244498426
1.0027245475602748
0.9980479789172823
0.9963358427522632
0.9972574973548892
0.9874253651776715
0.9872890556805213
0.987562544261234
0.9898270155102439
0.9851665291482852
0.9863902135452107
0.9693163291576847
0.9756717240777085
0.9744789107871309
0.9436263533886954
0.9463743859857743
0.9518323457589165
0.9515376834597515
0.9602506706101803
0.9610577905894911
0.959239475206363
0.9536223260337782
0.9677676917138304
0.9717403789286071
0.9780064875900223
1.0090503102886526
1.0312049159768961
1.035748643884162
1.0248040762359554
1.0308941468076833
1.032596620761616
1.0226290562931621
1.0156589344262288
0.9908365726030491
0.9729967034187413
0.9694848785986102
0.9442832795823128
0.900381946546148
0.9205614468254427
0.9156012103199316
0.9186635161292996
0.9198721195327263
0.9297657978410373
0.945679066098246
0.9671092822705877
0.9496064338456051
0.9419569675146501
0.9407248801846759
0.9486933760815142
0.9534608741574495
0.9653637033744129
0.9620821771921313
0.9728236940359746
0.9630470219786381
0.9422801528833736
0.962796908861034
1.0258203397697339
0.9702774147902434
0.9602571633935321
0.9612592470113193
0.9782387278371563
1.0031793277096774
1.0168898646414306
0.9967817242624346
0.9830277515797196
0.9812605092787661
1.079822448557985
1.0574366832751159
1.0485057136597715
1.0430302643479625
1.0358078236083867
1.0576270884151857
1.0631193566106811
1.0470693451220094
1.0327159690699137
1.0439693280893994
1.0038429005881013
1.0053036615028685
0.9879781152021724
0.9855484963828556
0.9839589071187668
0.9832854211922453
0.9936171433102611
0.9976006558406948
0.9939558418841671
0.994598036242023
0.9922227536069655
0.9872091004816261
0.9842957064745689
0.9835818272216769
0.9782473608910695
0.9766946480117145
0.9918602714852905
0.9880853131820951
0.9823855107480611
0.9898336282304245
0.9886602814862898
0.9934168657866373
1.0083782623472333
1.0082753517665526
1.0045603616944119
0.9917971392509753
1.0029494874657858
0.9813728930386048
0.9796032627767126
1.0128368617376133
1.020179756594122
1.0201374310527862
1.020779003094051
1.0048874775187895
1.010687140460508
1.010490957418311
1.0080884625812223
1.0052446041317904
0.9972321318647913
0.9967616611507377
1.0121096120853736
0.9964963393301272
0.9817943830216147
1.0076944311074483
1.015366065958813
1.0113679361216834
1.0014601603206834
0.9830829028115388
0.9650810984461639
0.9651761154729812
0.9648574160403662
0.9720864117585016
0.971769795608117
0.9712425865931847
0.9715560532826616
0.9730880312180683
0.9732043920432965
0.9735468418956287
0.9746529891503631
0.9748737973989847
0.9742185201878285
0.9740739635974432
0.9745560899267567
0.9754742894977965
0.9751119494133275
0.9749021534730165
0.9747906404872602
0.9762146223659776
0.9783546539672656
0.9788283629547554
0.979445932800335
0.9786239893468558
0.9769095426264239
0.9713601529887254
0.9612849021122304
0.9425609222621439
0.884478961021302
0.8601565031949796
0.8361676662658144
0.8870938433081667
1.1912682577831708
1.177970534476877
1.2319962466054082
1.2053494770681576
1.1926512340696906
1.1647743621836175
1.1616648938137644
1.1616040965601984
1.1267519682905378
1.1167979337033185
1.1140226455409135
1.0987440636118848
1.095768055438419
1.088879426510546
1.0790215474755487
1.072350415911776
1.064428663999992
1.0503501746163364
1.0372364616787633
1.0321223879992891
1.0270789213246163
1.0291798403499728
1.0242068817531362
1.019488668505267
1.0139500650232893
1.0198617155079717
1.021316239300483
1.0254438301152624
1.0221696744367668
1.0054342990384413
0.991074369433105
1.0088009366287194
1.0246716367197821
1.0275365415409023
1.014230153457028
0.9934735718156034
1.0011161662456425
0.9780093416234726
0.9571711914849718
1.0147451302019732
1.0246871366648431
1.033468312609903
1.0246313006916086
1.0347061401320732
1.0431977961114722
0.9949945407282216
0.96306745081792
0.9820703551540483
0.9961533091832141
0.9875765299881095
0.9812492617366388
0.9779057607849088
0.9733436443549465
0.9783322992590697
0.9830235816722248
0.9817738500955286
0.9789605486603833
0.980944016674497
0.9801233013992318
0.9807452780878226
0.9794495355958882
0.9752254864071962
0.9716339367845276
0.9617079661057182
0.9607580751440584
0.9607564155034861
0.9610032257361937
0.9604597625383033
0.959039513487851
0.9636716099189669
0.9682696873957931
0.9678330954870759
0.9671780321838145
0.9704352998071105
0.973581389612604
0.9727909470864795
0.9783213313369855
0.9808508117339695
0.9781023464784515
0.9770007215190364
0.9666725113767322
0.9690188962917524
0.9433115028282664
0.9036496895896328
0.9521966734537759
0.9915511271912664
1.0271278238033679
1.0678255088794342
1.0558435569952007
1.085118432944646
1.0881912634183075
1.0718360664279951
1.0872289994752935
1.066499585605731
1.0523698954399925
1.042858801014866
1.0402970245287693
1.0314727094338905
1.023536340731055
1.0143062572989177
1.0313232933398675
1.0221119382267319
1.0334403894444841
1.0352528903950835
1.0307220936447938
1.0186381231638661
1.0232696118549471
1.018440883148745
1.0168391812283866
1.0133708826745105
1.0073653845399388
1.0071735488073303
1.003773420568941
1.0000727874889697
0.9953714960783387
0.9984309297929937
0.9997180502959196
1.006675497629381
1.0119395186887894
1.0092437541746642
1.0013350308409192
0.9925327382188026
0.9770730474235965
0.9579862233944504
0.9508573008875945
0.9912620592663757
0.9864677726453984
0.976601112205631
0.9954960127068708
1.0206716473729238
1.0624973646471705
1.06863533551085
1.0530441320368376
1.0417952773833363
1.0382575568745596
1.0211125322361854
0.9930671656448773
0.9695533700209431
0.9649767977264009
0.920855030934457
0.9255911379847007
0.9352809661678285
0.9427743072757828
0.9467425391376694
0.9547337916143018
0.9597347671170099
0.9621802141214938
0.9650439708852013
0.9660780149298728
0.967515700873885
0.9676688827589246
0.9680609371722106
0.9692442582391503
0.9694434184889542
0.9695557103162581
0.9707705196612323
0.9711710537193046
0.9714538009770973
0.9726513031663985
0.9720988070711204
0.9723867909927822
0.9726183878811291
0.974104775774713
0.9767345600013972
0.9791548149152071
0.9762843840840031
0.9769928710610469
0.9737717379631395
0.9686459563592282
0.9552493369089198
0.936086994031768
0.9419908100843112
0.9120125120875648
0.9675377864952481
0.9825873078381032
1.159980637921134
1.1316307676726638
1.265121904158596
1.2128743161157856
1.2174991961989916
1.1977938352747841
1.199492219170582
1.1721522924304997
1.154644190204803
1.1523395091855928
1.132655476776698
1.1215614871518473
1.1100539330221493
1.0965302954449407
1.0891936996138214
1.081496704580564
1.073363573031426
1.066678246818098
1.07024658123894
1.0691483773563955
1.063536433423929
1.0607521211941024
1.0473271296944242
1.0338663022210317
1.023852773771761
1.0313650385497863
1.0322145672177885
1.0270560763984802
1.0201779665230413
1.0252366850521373
1.0197636373248544
1.018091130925374
1.010514442614404
1.0210591793592245
1.036928870106044
1.0317918680947467
1.0264955839161727
1.0211179597709585
1.0106292577066043
1.0022496517007267
0.9702574377401821
0.9876119207484225
1.0207819763380845
1.023066614697698
1.0207561718019222
1.0271596379870642
1.0185431871186852
1.0102206869256547
1.029525601031637
1.053051820439365
1.0614975695085938
1.0595104158815916
1.0631146048716507
1.0556182665404596
1.0376750579995024
1.0106920832168493
0.9862790671872568
0.9824736908780846
0.9507564688474933
0.9614273134215146
0.9652545377384872
0.9697334925481891
0.9693261583732361
0.9720331073696898
0.9716952882290947
0.9720527145625205
0.9766090756020933
0.9773256820969162
0.9787021313721014
0.9817826443358375
0.9842131962817668
0.982707097801418
0.9790080448886272
0.9731772580428614
0.9596929881704661
0.9314686885779154
0.9256159196894401
0.8860632398133127
0.9263124658357597
0.9264071781438475
1.1077426525423655
1.1145208511917726
1.1547428710441976
1.1519411895565501
1.1367021670900235
1.121021394560595
1.1255997559830921
1.091009051479119
1.1116967605078232
1.1199680327930652
1.1079344022112836
1.0938914667842738
1.083140755281742
1.0782627666103568
1.0777570482664212
1.0761725264201385
1.059872560445072
1.0522994158577637
1.0500423908471979
1.05404655575688
1.0459096709969211
1.0445672513663593
1.0379338386799193
1.0391795642034818
1.0347644166910732
1.037485786820848
1.0245485806467372
1.0334183331830165
1.0536750677038706
1.0477725790754497
1.0262825404417686
1.0329208431868935
1.0314853371524701
1.016069405422086
0.9874510434769832
0.9889520079476323
0.9892159465154073
0.9942462409281383
1.0114068646810146
1.0071575777636954
1.0269069497593228
1.0608665058362172
1.060837033860344
1.0530691379038495
1.0424257605621532
1.0488159499510508
1.0365068243258668
1.008583201040293
0.9856448371515573
0.962336990823869
1.0316796092814529
0.9776964880816721
0.9836439783513892
0.9925026408203138
1.0057619818967247
0.9927461096222416
0.980135594604057
0.9853237130755254
0.9852921618386066
0.9894802595282741
0.9884747954937112
0.9898822841216653
0.9905560162003929
0.987594005965008
0.9797157695012881
0.9627324368973867
0.9388066826811131
0.9175110914208776
0.884968263985738
0.910509664366165
0.9570711348995303
1.0468002646022776
1.025871322398682
1.055884394717877
1.0452085695929814
1.0730409265037786
1.0678913953862776
1.0580242126899757
1.0491311952290834
1.0499463001190312
1.0599663062336762
1.051321794399489
1.0542109064166671
1.046382472698915
1.0392134881919195
1.029787843792083
1.0298119849631822
1.0275133276254371
1.0241770993139676
1.0174127193094296
1.0181246424110446
1.0149449018794923
1.0217489498178844
1.0207768079421662
1.0341520557446762
1.0447045940410329
1.045846652043281
1.0406662725665843
1.0281109275509037
1.0099423525690598
0.9886637357592626
0.9725391048249101
0.9681534616753941
0.9930587752705559
1.0121125977134589
1.0074264468249778
1.002764817479754
1.0152210842015528
1.0693878824516996
1.0681954633174677
1.05312028937805
1.0369240552025982
1.0349042648629267
1.037532498376472
1.0153375715620372
0.996655983935996
1.0103329341760519
1.0156463170485632
1.0023683253520035
0.9995882528852736
0.9968943816311657
0.9988084750603288
0.9983479704642183
0.9960683654619262
0.9953864823012676
0.9929919328662179
0.9907940531389862
0.9893534281314719
0.9872955353836413
0.9864070200545005
0.984759101704589
0.9839962057751304
0.9828912839190603
0.9824031550866997
0.9819594016027355
0.9816701194997489
0.9815997467228715
0.9813550483973352
0.9809202318114999
0.9801101433936505
0.9796407829084395
0.9788625595744588
0.9792662456931507
0.9793705122852283
0.9796233030187611
0.9784066984946583
1.0816167999639974
1.0859349516717165
1.0909383952039833
1.0668151064400546
1.0558430135950918
1.1119308047139642
1.0718690784345133
1.037393959037489
1.0706263360364974
1.1882543239969257
1.241244010474957
1.2238387088331757
1.2102592369205956
1.2471683300533636
1.2109459881860176
1.1716378398365304
1.1628289001533565
1.1628063019399517
1.1555802232007102
1.1578889951296496
1.1572033504995818
1.1939956542601537
1.1899602724547587
1.1701910516122327
1.1512377502286315
1.1258588594190024
1.1312224375960342
1.1758338155158905
1.2031674667416314
1.183864423596942
1.1644074410221121
1.1546647994487251
1.158587325833542
1.176283846503667
1.1563869406029808
1.160072543211552
1.176253507689662
1.196065793621946
1.2110207640736137
1.1741869892927206
1.1983710936435663
1.259791903312333
1.225634401842617
1.2590988555063032
1.2526877668365115
1.2590655289593977
1.2434901337130748
1.209412720646304
1.2096331503916593
1.2133080275114687
1.2385550387098176
1.2169913154843164
1.1931501217136045
1.183887283924611
1.1683669723352637
1.1506437032940597
1.1345249160284112
1.1191391804014836
1.1055209307459917
1.0927771949085618
1.082010156868151
1.0717736970045637
1.0620926176525314
1.0536552139527902
1.0463356275804616
1.0393186246565695
1.0325932802818145
1.0268428397281106
1.0216099143991053
1.016852709554555
1.0132550417423327
1.0096269266908637
1.0063226158684333
1.0033186969389511
1.000224330045324
0.9970477385986769
0.9945347598292489
0.9922441847712329
0.9905261476262275
0.9882364829815036
0.9861549696681181
0.9849867615113385
0.9835574335450072
0.982628307165636
0.9814268891331955
0.9806914486094436
0.9796473511333055
0.9783527419457614
0.9771758245025395
0.9764633344742244
0.9758216651706557
0.9755957904616802
0.9746581571590007
0.9741587887457501
0.9737266235993155
0.9736912072150073
0.9743018318592876
0.9738566627934404
0.9734467119048194
0.9734367420381925
0.9730551648086778
0.9730815840239047
0.9727360455770998
0.9727967057961802
0.9721120278619643
0.971491100250168
0.9720172151019809
0.9717616843083395
0.9718981737566751
0.972028980085334
0.9721478949295694
0.9718924894078879
0.9713096473854289
0.9707616634533178
0.9702748440548635
0.9698141520166706
0.969402122208992
0.9697546117940046
0.9693479947338411
0.9700801458905063
0.9700074654558286
0.9699594451103007
0.9702612689770124
0.9698138660276716
0.9697706449516171
0.9697193478080088
0.9693159365647541
0.9689552733937227
0.9693596401749281
0.9690009836850298
0.9693951709292932
0.9697535229695323
0.9704615030155023
0.9710864267354906
0.9712857977271852
0.9714655495919895
0.9712721754646335
0.9710911287050351
0.9709250400847315
0.9711503371667544
0.9717126396002652
0.971496802744884
0.9716768454464375
0.9710954798724166
0.9705549099987585
0.9700808124110772
0.9700133234819859
0.9699519699100847
0.9695326850577374
0.9698785358135725
0.9694659267881808
0.9698178464776119
0.9690472468474017
0.9687049356914749
0.9687753271427065
0.96919002861809
0.9695670299593476
0.9702680602921443
0.970553082809857
0.970085225288081
0.970030135866894
0.9703367878778111
0.9702340231954577
0.9705093909267827
0.9707672441312728
0.9713703726154441
0.971537204935753
0.9713373166862366
0.9707830501299871
0.9702882125303759
0.9702018690449847
0.9701233749673563
0.9704102961197901
0.9703061013708724
0.9705749165407959
0.9704625090544574
0.9707305548569631
0.9702472697596072
0.9701593962459203
0.9700780105764454
0.9703742862851253
0.970638397317762
0.9705149667533338
0.970044500369782
0.9703438224608857
0.9706167273440937
0.9705065677796277
0.971122185583308
0.9702391088907397
0.9701572293725882
0.9700827934469959
0.9703786343492621
0.9706603287231448
0.9705401564929566
0.9707891884157905
0.970657301668089
0.9709076390511736
0.9703962013312676
0.971020364072459
0.9704986786233452
0.9707514812615983
0.9702603140272174
0.9698129978914944
0.9701243988661972
0.9704112269369183
0.9703137003236596
0.9712195013604347
0.9714000492493807
0.9715761396241576
0.9713735090236532
0.9711885022206913
0.9710203142179986
0.9712309259592647
0.9702409877709897
0.9708919577424595
0.9707507283286971
0.971337451830559
0.9711437176979559
0.9713498354419617
0.9715185347780416
0.971313591060192
0.9714923107496408
0.9716480577850227
0.9710813633305704
0.971650726756064
0.9717973032546066
0.9722955814696523
0.9723910537156997
0.9717500339719328
0.9715255455298526
0.9713267172263271
0.971502749136664
0.9713059932325194
0.9711279213948912
0.9716803546180082
0.9721788453717718
0.9726409495638264
0.9726975058071179
0.972028626782313
0.9717901127234636
0.971573985094857
0.9717409876209626
0.9715225736727908
0.9713187634397237
0.9711334814096625
0.9709702952988817
0.9711921787155305
0.9710236564860343
0.9708704544592197
0.9714529916556643
0.9712675113968576
0.9710801354855001
0.9709165469058229
0.9707791310175634
0.9710908824338713
0.97131716508329
0.9721213547765011
0.9722266881032767
0.9715847881727412
0.9713685689181215
0.9711840112156626
0.9717343222657359
0.971886748685398
0.9712915748534768
0.9714775265369721
0.9712898158344102
0.9711124175031977
0.9646880463446554
0.966116444713003
0.9664093528473731
0.9674086532664443
0.9672032494478745
0.967034648742014
0.9668805749049458
0.9670972639028321
0.9676746498359637
0.968541016837165
0.9689717887287072
0.9690051201343768
0.9690301693138926
0.9690581933936362
0.9690897187337573
0.9694668723591633
0.9694499440636986
0.9694458557065413
0.969799600039758
0.9697524237733302
0.9697080356013633
0.9700387392899824
0.9703333545949048
0.9702437044516052
0.9697888571894132
0.9701061890489329
0.9700311410543981
0.9699749199411613
0.9699170576002442
0.9708522396718062
0.9710714059052813
0.970534531629109
0.9708020535230056
0.970754581069664
0.9710282893497678
0.9705334263995812
0.9707831168515315
0.9702792320984371
0.9705519844207728
0.9700781527947266
0.9700019018600726
0.9699415866174362
0.9695111907099185
0.9694954855718417
0.9698514426000397
0.9701630848767752
0.9697216412504407
0.9696868042450436
0.9700246682215835
0.970325793235251
0.9702427855601183
0.969790282192817
0.9701059900152912
0.9700362122130894
0.9699788267514421
0.9702908436724037
0.9705737949737291
0.9704585351812208
0.9707329658431072
0.9706061902383767
0.9704969885926122
0.9707499448700229
0.9709761688466775
0.9715453746575679
0.9713507926100587
0.97116259883724
0.9709915135892229
0.9708479858819108
0.9703442785278367
0.9709746498998615
0.9704623941393528
0.9703610131283761
0.9698992686741789
0.9694727198524119
0.9698248158818448
0.9701373842780435
0.9700708013559459
0.9700050196889154
0.9699376682518955
0.9702414718330078
0.9705289114833691
0.9704206862749785
0.9703283486258868
0.9702444053085307
0.9708890651836982
0.9711176327112696
0.9705984524711834
0.9704786532564441
0.9700243417932074
0.9703322209830993
0.9702366246309132
0.96978618822194
0.9697402312116773
0.9700672141353363
0.9703652652299578
0.9699238981915106
0.9695132392714023
0.9694853426441771
0.9698362911470859
0.969791031423812
0.9697498862208357
0.9700707608956806
0.9703624651455396
0.9702754203263968
0.970553749694172
0.9697162497715471
0.9696947035791358
0.9696570633545826
0.9696228449686252
0.8840223910125906
0.8917783949379072
0.8981022909022155
0.9055690559208553
0.9110088372071704
0.915948018964179
0.9208144937542557
0.9252385617452344
0.9299679644487924
0.933540345306329
0.9371649514495736
0.9400906106831223
0.9423859948514078
0.9451907597388456
0.947383048604054
0.9482611165828184
0.9498084536327628
0.9519601644354182
0.9542618189067539
0.9552749853761692
0.956548228624613
0.9580692539900236
0.9598155366836678
0.9610395340437098
0.9618000284156424
0.9621165552989663
0.9627730897437032
0.9637334491644506
0.964964805024056
0.9653571555772374
0.9657198871628168
0.9660590210334692
0.9667214533191697
0.9673288946526072
0.9671480711873032
0.968069006863013
0.9678311176612396
0.9679501379387986
0.9687847621737201
0.9688230907371934
0.968876692380066
0.9685551600304477
0.9682696380991385
0.9683547961239373
0.9691712386522497
0.9695559722281345
0.9632561330139425
0.9641786034660371
0.9650044639000366
0.9661202729654979
0.9667771368937411
0.9670227827811305
0.9679603174315162
0.9684304288476941
0.968144192055377
0.9682535566883981
0.9679947469958456
0.9684714435065164
0.9685502608414761
0.9682651842909826
0.9680056942093619
0.9681178486006501
0.9682235588286866
0.9679584357521785
0.9677113401899343
0.9674904750937773
0.9683698639861074
0.9684579158229224
0.969265774476384
0.9696426143314416
0.9692461788587838
0.9692493136088082
0.9692521633815576
0.9689025712623544
0.968930189908679
0.968955297768974
0.9693603627792509
0.9697151541847764
0.9700444168381533
0.9699802365975096
0.969909885667911
0.9695005006135847
0.9687587506073769
0.9691697285198089
0.9688162826663905
0.9692153049820679
0.9699535194323684
0.9702558819970739
0.970172477651074
0.9700966555183466
0.9700277263067764
0.9692380466920966
0.968878390095743
0.969629372061807
0.9695961704090695
0.9692153049237288
0.9695847778983105
0.9695623830158344
0.9695352712763672
0.9695173769958859
0.9691384010583879
0.9691513337902663
0.9691683429176123
0.9691785536622887
0.9695446422510661
0.9691623871859022
0.969542695275927
0.9698884299032222
0.9694749214151351
0.969455760730277
0.9698018795948001
0.9701232581199932
0.970052707656231
0.9703512836303848
0.970622716334161
0.9708694733375939
0.9710870728741792
0.9705645968432779
0.9708114069160826
0.9710357797095415
0.9712510095529453
0.9710771390655023
0.9719135365802916
0.9720429462886219
0.9725241024383267
0.9722405451380213
0.972340226795649
0.9720673365588695
0.9718072492691473
0.9712201031249891
0.9706855334349231
0.9705758705458414
0.970827680148599
0.9710438481477119
0.9716106222815664
0.9717586028571716
0.9715487625737917
0.9713478236299082
0.9715286617882732
0.9716930601140596
0.9714798003781095
0.9712859278908822
0.971479117435531
0.9709218014580651
0.9704204240591793
0.9710423847341968
0.9712517839561947
0.971078640234596
0.9712839496107167
0.9714705944980992
0.9716469961693647
0.971437126898611
0.971234331396185
0.9710680260088016
0.9709168392929985
0.9707733479200962
0.9706429012174577
0.9708810982195097
0.9700017342009203
0.9695779253221333
0.9695509013027621
0.9698950960363223
0.9698505393180175
0.969803984306477
0.9701259653855403
0.9707746950308885
0.9706569265421737
0.9701796286810963
0.9704674602715578
0.9700013126590765
0.969929045723881
0.9695118448884613
0.9694840750233218
0.9691020522150388
0.9695024142779279
0.9694935559012954
0.9694742018292732
0.969456607218344
0.9694338589595787
0.969783463385447
0.9697490550899489
0.9697049731619259
0.9693081425594112
0.9696804303255541
0.9696493397678739
0.9706207304020676
0.9697718455321414
0.9701060876807904
0.9703998109254389
0.970667625948233
0.9709103002594776
0.9711309132697
0.9709627085278228
0.9711845812059283
0.9713810534759507
0.971935077649184
0.9716990191529921
0.9714844205200902
0.9720163517396615
0.9717676525914243
0.9719103244805606
0.9720527742970525
0.9714372333729756
0.97160994337288
0.9710399336602786
0.9701529394032423
0.9708059143607088
0.9710420410540064
0.9705236588249389
0.9704106590325854
0.9706677271762797
0.9709205255390979
0.9711372668485928
0.9706102277291084
0.9708581200602734
0.9710782462042602
0.970926833713763
0.9704159583749751
0.9706823054478114
0.9702034066603783
0.9708450961898323
0.9710716368427496
0.9709148701314642
0.9707776066772372
0.9706347675585725
0.9708714621999044
0.970375367344099
0.9706573587184512
0.9708957358935127
0.9703853802788486
0.9702849512634124
0.9698233403880786
0.9697740059081671
0.9697472091578813
0.9696980425409762
0.9692965681401791
0.9689368652669141
0.9696914623123282
0.9696654177507501
0.9696236867163115
0.969592502570197
0.9692058965669305
0.9692239943458429
0.9692351951342761
0.9692445805030758
0.9692478605581645
0.9696143739296158
0.969577283242553
0.9695555696924184
0.9695358301013871
0.9695186821847709
0.9694955432481277
0.9691056967378199
0.9691201019327177
0.9687832216466568
0.9691919749191542
0.9695635688032428
0.9702649137865944
0.970538967773643
0.9700610456244216
0.9703655881023852
0.970285011152625
0.9705624686271066
0.9711752835629536
0.9706327333876615
0.9708785797498671
0.9710901205125011
0.9709256242030967
0.970417825324112
0.9706892328389185
0.970573185199816
0.9704489298518258
0.9703427236024826
0.970609703969905
0.9704888818916455
0.9703903446410386
0.9702879636629166
0.9705651527273719
0.970811912265259
0.9706779597130603
0.971277996431883
0.9711016725918094
0.9709361260933768
0.9707969302789761
0.9706575869701323
0.9708959433950411
0.9711178615747578
0.9709508433506027
0.9711625401045597
0.9710095129727837
0.9712211066454327
0.9717717663704033
0.9715415505652331
0.9717047771840231
0.9714957039977455
0.9720266094466209
0.9714247949578664
0.9719532165768302
0.9717163062533555
0.9718636459914071
0.9716340812822858
0.9714186333367777
0.971951336089808
0.9713450168209352
0.9707923106117415
0.971375253906054
0.9711961373814099
0.9706637463953057
0.9712769813442144
0.9711007497848378
0.9709413364424534
0.9707956180559644
0.970669899033494
0.9705436046767265
0.9700584798547278
0.9703565310835639
0.9698884129518528
0.9701951997962328
0.9704688660091972
0.9700025906023853
0.9703004921516348
0.9698555974169699
0.9705363941073362
0.9707842735739448
0.9713679475080568
0.9708146635647977
0.970311678161835
0.9702111961809341
0.9701326513479954
0.9700604497882751
0.9696313031288195
0.9695979259245355
0.9695675830115501
0.9695377475117302
0.9695076228626569
0.9691166782055736
0.9687794029205505
0.9695580354742277
0.9695441206252041
0.9695382225370058
0.9695261088640934
0.9698733513470098
0.9698307714186424
0.9697988141674042
0.9701152408471064
0.9700378693047963
0.9703445187209074
0.970609841404464
0.9704875061751216
0.9707345990809142
0.9709644599135612
0.9711809432101624
0.970644659657621
0.9701752567033682
0.9700939298311577
0.9703887583348638
0.9706567842473238
0.9709012380590374
0.9703956561022398
0.9703003421855461
0.9705771998210576
0.970107856090602
0.9703946935587319
0.9702986699798537
0.9705748857427691
0.9704557283008534
0.9710871764059719
0.9712864792458042
0.9718311960071048
0.9719509040642254
0.9724404276888753
0.9721531761816187
0.9718852852898284
0.9716545505378993
0.9710775191241899
0.9705567120841188
0.9704392067929895
0.9703323838010537
0.9702420247456008
0.9705204479454136
0.97114001303541
0.9713397430660021
0.9715340639201813
0.9716927406223583
0.9718332558942552
0.9716012018228729
0.9717650296559739
0.9715391779698901
0.9709756014757424
0.9715537889720726
0.9713591453208651
0.971533723713889
0.9713341519390876
0.9715095079664461
0.971303133834363
0.9707610158979904
0.9709952002138025
0.9704758023882029
0.9703671531810073
0.9698980694040741
0.9702107034011515
0.9708532179665114
0.9707102582521968
0.9702167642412886
0.9697666264484263
0.9693744081934335
0.9697294172344058
0.9700573832469075
0.9707198357709159
0.9709577637346439
0.9708233526364968
0.9710518699760811
0.9716291233834518
0.9714208789114174
0.9719585866408681
0.9720899249450603
0.9725821103306308
0.9722872306815801
0.9723759431868938
0.9717310232728313
0.9715135151744896
0.971310528441268
0.9711192418895096
0.9709520981821952
0.9700783847606591
0.9696543878538761
0.9692750096090547
0.9696323294753989
0.9688846942471862
0.9685624344551024
0.9689875230149315
0.9690194240309444
0.969043172856227
0.9697918265620346
0.9697386038174791
0.9693447898404647
0.9689807031762647
0.9690079720792454
0.9690290103005441
0.969415419149961
0.9690328566485774
0.9686918536925438
0.969114937554692
0.96949353483555
0.9698377141817844
0.970146868221006
0.969703084611806
0.9696579293172715
0.9699984182872452
0.9703172925253885
0.9705865848089104
0.9704678644725596
0.970359936894059
0.9699035641340777
0.9698649893632546
0.969817120711238
0.9701303886684012
0.9700426355724779
0.9703368966699008
0.970604406758467
0.970840872338501
0.971437307349288
0.971259301377082
0.9714481870129767
0.9716199012274264
0.971769280046754
0.971548294059874
0.9713534466121554
0.9715270485783261
0.970970648713962
0.9711865693923449
0.9710133050029547
0.9708677962580308
0.9703660549330649
0.9702553767952998
0.9701787706147083
0.9704539303896295
0.9699898132345184
0.9699373491958159
0.9702524363586492
0.9701757692686531
0.970099647897964
0.9707574675377285
0.9706473132102617
0.9705230721101515
0.9704124234870594
0.9703095359981496
0.9702273029196786
0.9701472938377631
0.9697231059580428
0.9696889329635489
0.97000862343403
0.9695789144065916
0.969545047312531
0.969527061467629
0.9698794475148429
0.9701945683022366
0.9704750173333178
0.9703716915931136
0.9699142502241274
0.9698566512136658
0.9698155894792388
0.9705059296023354
0.9707513476511086
0.9706176488745579
0.9708648665561367
0.9710963344039442
0.9705738168838954
0.9701044511120098
0.9696645236036275
0.9699916640251188
0.9699202742384649
0.9702369136701484
0.9701552337175052
0.9700809792151023
0.9703777789388361
0.9706415724574992
0.9705231053423695
0.9704101558666133
0.9703135237895221
0.970581664194114
0.9708381772661929
0.9703315473801577
0.9706114987894179
0.9704965628102534
0.9703954517095852
0.970678232000243
0.9705624811033998
0.9704422003225026
0.9699715683404392
0.9691748888563108
0.969916777499862
0.97022248024025
0.9705056223431295
0.9711273258583905
0.9709654965093194
0.971181091678647
0.971377881178422
0.9711924769068448
0.9710186754706818
0.970499450881265
0.9703871511540314
0.9699230305156837
0.9702401198217142
0.9705216583262787
0.9707776024213376
0.9702832600679673
0.9705616706232587
0.9708072522247835
0.970673723312628
0.9701948984724182
0.970105032826919
0.9700361392079817
0.9703309908839951
0.9705990378621892
0.9704904864324418
0.9703857544104992
0.970296592385451
0.9702042349966874
0.9697620169546489
0.9693600005527958
0.9689945310965657
0.9690137897579622
0.9694015822930683
0.9701228624423688
0.970415060708692
0.9710449970998108
0.970890652183338
0.9707495414567685
0.9702509693715899
0.9701680116279067
0.9700925954972853
0.9696484715097813
0.9696173320321774
0.9699708504753268
0.8841200910639091
0.8918619610680131
0.8988932715501868
0.9062851614444813
0.9124028732747537
0.9179371127628787
0.9226107573315815
0.9264899452225475
0.930386059567644
0.9339271845334103
0.9371373852588758
0.9400647533436209
0.9430955310384721
0.9451056856381329
0.9469330989105519
0.948975996476408
0.9508279243438807
0.9525106979663527
0.9536717094359758
0.954732448263093
0.956055013067271
0.9576141508010502
0.9590367796591394
0.9596226385229304
0.9605006405762141
0.9609405674814915
0.9624370302065521
0.9634339645502277
0.9643350383344046
0.96515419632002
0.9655353787471644
0.9662446209857791
0.9668901805485423
0.967477052878327
0.9680030542748456
0.9673906268195537
0.9679244851305063
0.9680477738558285
0.9685233860184013
0.968590728551428
0.9686587017913958
0.9687204956459119
0.9687774690434299
0.9691987003014835
0.9688358395135978
0.9688815299388228
0.9685595578111357
0.968631161920906
0.9694113175127668
0.9701317126420949
0.9707814081855507
0.9710197627129535
0.9712364486469561
0.9707003930003477
0.9702077958305168
0.9701415636327446
0.9707955727511656
0.970663105609339
0.9701852460148828
0.9697455547120214
0.9704288671458715
0.9703177316209672
0.9705922145074178
0.9708297884739108
0.9706942108118345
0.9712979792776107
0.9707442749464407
0.971331585119417
0.971145137482111
0.9709869406323708
0.9708431253144252
0.9703489002922339
0.9706213435544103
0.9701472805104022
0.9700684969284612
0.9700021275886986
