-0.008 0.789 0.523
-0.164 1.09 0.812
-0.078 0.777 0.348
0.004 0.797 0.625
-0.055 0.828 0.0
0.012 0.68 0.535
-0.191 0.852 0.734
-0.145 0.824 0.543
-0.137 0.703 0.719
-0.145 0.664 0.602
-0.043 0.586 0.66
-0.211 0.707 0.754
-0.098 0.73 0.699
-0.168 0.703 0.73
-0.172 0.832 0.859
0.141 0.68 0.77
0.176 0.738 0.84
0.125 0.727 0.609
0.199 0.547 0.637
-0.004 0.656 0.797
-0.145 0.809 0.742
-0.098 0.758 0.535
-0.027 0.812 0.523
0.070 0.914 0.387
-0.004 0.934 0.227
.176 0.965 0.324
-0.277 1.23 0.012
-0.391 1.066 -0.113
-0.234 1.035 0.168
0.090 0.719 -0.027
-0.074 0.984 0.145
0.109 0.91 0.254
0.062 1.016 0.422
0.066 0.742 0.582
-0.043 0.703 0.262
0.008 0.699 0.543
0.172 0.641 0.781
0.027 0.406 0.676
-0.570 0.754 0.555
-1.043 -0.027 0.547
-0.934 0.102 0.609
-0.680 0.203 0.684
-0.684 0.371 0.621
-0.695 0.258 0.633
-0.703 0.18 0.695
-0.715 0.25 0.605
-0.734 0.215 0.617
-0.730 0.227 0.609
-0.746 0.187 0.621
-0.746 0.187 0.645
-0.734 0.207 0.613
-0.707 0.34 0.672
-0.738 0.297 0.641
-0.883 0.5 0.508
-0.945 1.035 0.066
-0.559 1.09 -0.523
0.090 0.625 -0.375
0.254 0.687 -0.336
0.504 0.551 -0.348
0.633 0.512 -0.508
0.684 0.352 -0.469
0.937 0.195 -0.586
0.891 0.082 -0.359
1.070 0.312 -0.512
0.641 0.727 -0.199
0.680 0.891 -0.457
0.277 1.301 -1.152
-0.152 0.102 0.055
0.270 -0.047 -0.441
1.105 0.441 0.434
0.883 0.508 0.379
0.781 0.387 0.43
0.820 0.293 0.383
.836 0.453 0.234
0.906 0.375 0.227
0.809 0.355 0.1
0.867 0.469 0.02
0.828 0.543 -0.016
0.863 0.527 -0.051
0.680 0.437 -0.477
0.746 0.102 -0.656
0.465 0.074 -0.645
0.750 -0.023 -0.719
0.594 -0.152 -0.742
0.430 0.098 -0.457
0.762 0.207 -0.57
0.773 0.25 -0.594
0.785 0.172 -0.504
0.859 0.27 -0.535
0.801 0.141 -0.527
0.719 0.051 -0.605
0.691 0.156 -0.551
0.984 0.09 -0.504
0.855 0.195 -0.504
0.852 0.117 -0.586
1.035 0.168 -0.801
1.016 -0.348 -0.645
0.941 0.039 -0.531
0.766 -0.238 -0.441
0.984 -0.352 -0.316
0.922 -0.41 -0.289
0.785 -0.387 -0.293
0.848 -0.324 -0.266
0.695 -0.207 -0.16
0.781 -0.145 -0.02
0.844 -0.348 0.199
0.297 0.391 -0.488
0.250 0.156 -0.355
1.008 -0.488 -0.074
0.828 -0.121 -0.223
0.902 -0.121 -0.27
0.836 0.141 -0.387
0.977 -0.062 -0.316
1.055 0.0 -0.328
1.055 -0.402 -0.348
0.691 -0.273 -0.219
0.750 -0.363 -0.234
0.867 -0.246 -0.223
0.996 -0.145 -0.211
0.937 -0.02 -0.352
1.016 0.055 -0.375
0.598 -0.707 -0.078
1.000 0.254 -0.32
.781 -0.293 -0.23
0.617 -0.078 -0.391
1.066 0.016 -0.477
1.574 0.105 -0.504
0.363 -0.027 -0.199
0.758 -0.301 -0.273
0.937 -0.07 -0.246
1.066 -0.16 -0.395
1.004 -0.715 -0.223
1.082 -0.09 -0.391
0.699 -0.113 -0.363
0.660 0.039 -0.527
0.914 -0.109 -0.285
2.012 -0.445 -0.141
0.801 0.102 -0.207
0.934 -0.09 -0.199
0.906 0.078 -0.387
0.852 -0.133 -0.43
1.082 -0.676 0.004
1.047 0.215 -0.328
0.793 -0.234 -0.32
0.727 0.09 -0.504
1.055 0.125 -0.457
0.426 0.16 -0.395
0.723 -0.719 -0.023
0.789 -0.184 -0.086
0.914 -0.277 -0.109
0.949 -0.148 -0.121
0.941 -0.227 -0.129
1.070 0.102 -0.219
0.988 -0.273 -0.16
0.898 -0.289 -0.164
0.973 -0.156 -0.176
0.941 -0.098 -0.207
0.910 -0.102 -0.199
0.918 -0.223 -0.141
0.934 -0.277 -0.066
0.898 -0.129 -0.18
0.785 -0.543 -0.113
0.945 -0.637 -0.094
0.773 -0.445 -0.328
0.777 -0.422 -0.273
0.859 -0.566 -0.273
0.824 -0.363 -0.379
0.883 -0.434 -0.34
1.109 -0.328 0.059
0.984 -0.215 -0.008
0.871 -0.371 -0.199
0.859 0.008 -0.094
1.012 -0.141 -0.445
0.555 -0.02 -0.527
0.680 -0.457 -0.504
1.172 -0.645 -0.141
1.066 -0.23 0.082
1.008 0.043 0.148
0.996 -0.148 -0.203
0.777 -0.066 -0.328
1.039 -0.25 0.008
0.977 -0.121 -0.219
0.941 -0.242 -0.156
0.961 -0.145 -0.098
0.914 -0.047 -0.059
0.766 -0.461 -0.43
1.043 -0.293 -0.43
.687 -0.301 -0.379
0.766 -0.227 -0.242
1.242 -0.176 -0.176
1.062 -0.18 -0.18
0.926 -0.16 -0.246
0.891 -0.082 -0.117
0.367 -0.512 -0.492
0.578 -0.168 -0.504
0.910 -0.18 -0.27
0.805 -0.391 -0.352
1.004 -0.215 -0.191
0.910 -0.227 -0.242
0.895 -0.293 -0.215
0.906 -0.285 -0.219
0.937 -0.25 -0.191
0.918 -0.262 -0.195
0.926 -0.246 -0.191
0.934 -0.234 -0.211
0.922 -0.238 -0.219
0.914 -0.234 -0.215
0.922 -0.219 -0.219
0.910 -0.258 -0.254
0.922 -0.23 -0.258
0.906 -0.215 -0.277
0.906 -0.234 -0.266
0.906 -0.242 -0.262
0.934 -0.262 -0.2
0.941 -0.25 -0.227
0.934 -0.242 -0.191
0.945 -0.227 -0.164
0.934 -0.215 -0.152
0.922 -0.219 -0.152
0.879 -0.227 -0.121
0.844 -0.156 -0.062
0.746 -0.113 -0.035
0.078 -0.285 -0.07
0.336 -0.453 -0.25
0.426 -0.277 -0.312
0.957 -0.934 -0.402
0.512 -2.125 -3.625
-0.773 0.461 -0.531
-1.555 -0.699 -0.484
-0.617 0.547 -0.449
-0.988 -0.059 -0.395
-0.703 0.094 -0.531
-0.914 -0.133 -0.652
-0.570 -0.234 -0.984
0.043 -0.445 -0.637
-0.195 -0.668 -0.742
-0.543 -0.602 -0.723
-0.484 -0.559 -0.59
-0.551 -0.496 -0.766
-0.480 -0.281 -0.855
-0.410 -0.328 -0.828
-0.387 -0.246 -0.895
-0.262 -0.211 -0.926
-0.004 -0.117 -0.902
0.004 -0.086 -0.902
0.086 0.02 -0.977
0.227 0.156 -0.937
0.316 0.105 -0.996
0.285 0.059 -0.93
0.320 0.016 -0.918
0.301 -0.012 -0.91
0.535 0.0 -0.937
0.461 0.102 -0.922
0.371 0.277 -0.961
0.332 0.062 -0.93
0.297 0.129 -0.773
0.363 0.109 -0.758
0.312 0.129 -1.137
0.379 0.262 -1.09
0.270 0.242 -0.992
0.035 0.098 -0.875
0.129 0.059 -0.773
0.090 0.129 -1.066
0.117 0.074 -0.734
0.465 -0.25 -0.531
1.020 -0.379 -1.16
0.480 0.031 -1.016
0.918 -0.184 -0.617
0.820 -0.293 -0.344
0.984 -0.48 -0.301
0.988 -0.527 -0.137
0.355 -0.137 -0.344
0.371 -0.137 -0.508
0.988 -0.613 -0.148
1.129 0.02 -0.133
0.883 -0.117 -0.141
0.891 -0.148 -0.164
0.910 -0.105 -0.23
0.883 -0.156 -0.238
0.996 -0.117 -0.227
0.965 -0.27 -0.238
0.898 -0.242 -0.273
0.875 -0.168 -0.332
0.949 -0.074 -0.309
0.914 -0.109 -0.312
.914 -0.152 -0.34
0.875 -0.199 -0.359
0.840 -0.094 -0.395
0.898 -0.051 -0.258
0.820 -0.164 -0.211
0.906 -0.203 -0.207
0.926 -0.156 -0.203
0.930 -0.164 -0.191
0.906 -0.234 -0.191
0.906 -0.195 -0.184
0.969 -0.23 -0.168
0.988 -0.168 -0.156
0.926 -0.203 -0.172
0.918 -0.215 -0.184
0.973 -0.18 -0.164
0.961 -0.27 -0.117
0.930 -0.215 -0.141
1.008 -0.219 -0.066
0.980 -0.227 0.02
0.891 -0.328 0.047
0.914 -0.281 0.137
0.855 -0.117 0.027
0.926 -0.355 -0.039
0.500 -0.469 -0.031
0.082 -0.414 -0.281
1.223 -0.734 -0.18
0.359 -1.172 -0.645
-0.215 -0.523 -1.262
-0.559 1.16 -0.719
-0.852 -0.234 -0.309
-1.145 0.207 -0.738
-0.789 0.684 -0.402
-0.750 0.156 -0.488
-0.699 0.312 -0.977
-0.492 -0.309 -0.633
-0.129 -0.262 -0.863
-0.465 -0.055 -0.824
-0.523 -0.066 -0.867
-0.492 -0.137 -0.793
-0.547 -0.133 -0.758
-0.551 -0.043 -0.738
-0.633 0.367 -0.953
-0.289 0.32 -0.824
-0.559 0.551 -0.836
-0.574 0.273 -0.84
-0.492 0.129 -0.844
-0.348 0.223 -0.797
-0.469 0.023 -0.961
0.363 0.055 -0.898
-0.262 0.18 -0.949
-0.082 0.141 -0.965
0.004 0.066 -0.945
0.125 0.137 -0.988
0.199 0.016 -0.949
0.164 0.0 -0.949
0.238 0.004 -0.918
0.266 0.141 -0.984
0.406 0.055 -0.926
0.305 -0.285 -0.992
0.141 -0.16 -1.043
0.145 -0.281 -0.93
0.141 -0.512 -0.754
0.043 -0.617 -0.66
0.031 -0.445 -0.691
0.129 -0.473 -0.59
0.512 -0.41 -0.586
1.187 -0.328 -0.656
0.586 -0.293 -0.672
0.344 -0.352 -0.727
0.895 0.066 -0.773
0.906 0.066 -0.891
1.227 0.039 -0.828
0.973 -0.027 -0.574
0.781 -0.191 -0.398
0.789 -0.297 -0.391
0.883 -0.324 -0.348
0.727 -0.359 -0.254
0.559 -0.309 -0.316
0.629 -0.078 -0.371
0.664 -0.562 -0.297
0.098 -0.332 -0.332
0.930 0.094 -0.27
0.973 -0.324 -0.117
0.988 -0.152 -0.191
0.949 -0.172 -0.207
0.980 -0.227 -0.242
0.984 -0.168 -0.152
0.902 -0.312 -0.25
0.945 -0.227 -0.207
0.902 -0.285 -0.242
0.922 -0.25 -0.227
0.902 -0.285 -0.211
0.902 -0.262 -0.25
0.926 -0.211 -0.246
0.926 -0.191 -0.223
0.918 -0.207 -0.238
0.922 -0.227 -0.254
0.918 -0.199 -0.262
0.926 -0.152 -0.262
0.930 -0.195 -0.258
0.910 -0.199 -0.258
0.914 -0.207 -0.27
0.918 -0.203 -0.258
0.941 -0.207 -0.223
0.977 -0.133 -0.184
0.961 -0.258 -0.129
0.918 -0.172 -0.16
0.957 -0.168 -0.156
0.922 -0.176 -0.074
0.914 -0.074 -0.027
0.809 -0.141 0.012
0.691 -0.277 -0.004
0.957 -0.223 -0.191
0.145 -0.586 0.102
0.645 -1.379 -0.035
0.426 -0.344 -0.992
-0.527 2.629 -1.191
-0.152 0.5 -0.668
-2.563 -0.41 -0.152
-0.559 0.18 -0.363
-1.039 -0.133 -0.707
-0.508 0.211 -0.836
-0.117 -0.941 -0.762
-0.410 -0.621 -0.504
-0.484 -0.742 -0.418
-0.605 -0.859 -0.414
-0.285 -0.758 -0.469
-0.574 -0.602 -0.574
-0.566 -0.551 -0.605
-0.473 -0.609 -0.574
-0.523 -0.684 -0.539
-0.523 -0.691 -0.508
-0.512 -0.672 -0.52
-0.523 -0.66 -0.539
-0.559 -0.75 -0.59
-0.496 -0.832 -0.426
-0.504 -0.723 -0.488
-0.648 -0.586 -0.551
-0.551 -0.453 -0.57
-0.535 -0.406 -0.598
-0.547 -0.469 -0.578
-0.625 -0.473 -0.781
-0.418 0.012 -0.953
-0.324 -0.062 -0.918
-0.180 -0.02 -0.934
-0.145 -0.004 -1.066
-0.098 -0.281 -0.918
-0.043 -0.441 -0.898
0.070 -0.137 -0.922
0.395 -0.324 -1.004
-0.020 -0.289 -1.16
0.145 -0.199 -0.949
0.121 -0.098 -0.961
0.234 0.055 -0.937
0.078 -0.477 -0.766
0.215 -0.574 -0.684
0.090 -0.406 -0.5
0.668 -0.906 -0.285
0.402 -1.078 -0.711
0.113 -0.574 -0.867
0.488 -0.074 -0.867
0.426 -0.25 -0.973
0.375 -0.316 -0.793
0.352 -0.336 -0.789
0.902 -0.242 -0.789
1.012 -0.02 -0.797
0.973 -0.18 -0.578
0.832 -0.32 -0.535
0.914 -0.445 -0.418
0.816 -0.418 -0.348
0.676 -0.457 -0.266
0.605 -0.254 -0.344
0.602 -0.059 -0.43
0.770 -0.375 -0.398
0.543 -0.082 -0.316
1.031 -0.223 -0.168
0.969 -0.203 -0.164
0.977 -0.078 -0.262
0.910 -0.187 -0.262
0.949 -0.207 -0.234
0.918 -0.117 -0.285
0.926 -0.184 -0.246
0.980 -0.074 -0.281
0.934 -0.168 -0.262
0.937 -0.211 -0.25
0.965 -0.203 -0.23
0.973 -0.125 -0.234
0.937 -0.137 -0.199
0.914 -0.145 -0.176
0.891 -0.137 -0.156
0.797 -0.18 -0.113
0.637 -0.062 -0.109
0.816 -0.195 -0.219
0.387 -0.016 -0.301
0.332 -1.273 -0.187
0.137 -0.844 -0.359
0.535 -0.164 -2.867
-0.004 0.84 -0.832
-1.219 -0.898 -0.363
-1.051 0.094 -0.387
-0.902 -0.121 -0.375
-0.750 0.098 -0.598
-0.715 -0.285 -0.883
0.187 -0.512 -0.508
-0.613 -1.012 -0.582
-0.430 -1.121 -0.07
-0.199 -0.918 -0.305
-0.328 -0.641 -0.625
-0.430 -0.5 -0.719
-0.453 -0.605 -0.699
-0.379 -0.738 -0.68
-0.395 -0.75 -0.637
-0.371 -0.332 -0.746
-0.320 -0.254 -0.887
-0.371 -0.047 -0.957
-0.172 0.199 -1.062
-0.199 0.113 -0.937
-0.254 -0.082 -0.996
-0.254 -0.039 -0.937
-0.078 0.316 -1.0
-0.113 0.172 -0.969
-0.223 -0.34 -0.984
0.086 -0.008 -0.891
0.086 -0.352 -1.062
0.254 -0.555 -1.098
0.238 -0.113 -0.953
0.004 -0.062 -0.809
-0.082 -0.676 -0.863
0.312 -0.117 -0.961
0.113 -0.402 -0.754
0.176 -0.48 -0.48
0.387 -0.691 -0.617
0.480 -0.664 -0.559
0.781 -0.309 -0.621
0.820 -0.168 -0.836
0.344 -0.199 -0.879
0.898 -0.023 -0.832
1.086 -0.047 -0.883
0.875 -0.039 -0.598
0.855 0.02 -0.469
0.785 -0.16 -0.484
0.988 -0.301 -0.414
0.750 -0.332 -0.402
0.617 -0.273 -0.277
0.609 0.055 -0.445
0.555 0.008 -0.473
1.422 -0.895 -0.391
0.223 0.066 -0.371
1.004 -0.184 -0.215
1.059 -0.133 -0.172
1.090 -0.148 -0.293
0.742 -0.137 -0.418
0.750 -0.332 -0.238
0.992 -0.113 -0.281
0.941 -0.187 -0.223
0.988 -0.199 -0.219
0.941 -0.16 -0.215
0.965 -0.184 -0.207
0.961 -0.207 -0.168
0.937 -0.129 -0.152
0.891 -0.086 -0.102
0.742 -0.25 -0.125
0.488 -0.5 -0.035
0.598 0.113 -0.355
0.320 0.074 -0.453
0.297 -1.113 -0.18
0.535 -0.801 -1.047
-0.656 1.766 -0.48
-0.566 0.207 -0.551
-1.273 -0.238 -0.402
-0.578 0.578 -0.461
-1.000 0.465 -0.781
-0.574 0.316 -0.777
-0.449 0.23 -0.816
-0.344 0.195 -0.875
-0.203 -0.844 -0.605
-0.531 -1.008 -0.219
-0.227 -0.863 -0.367
-0.441 -0.785 -0.602
-0.418 -0.539 -0.687
-0.418 -0.617 -0.617
-0.379 -0.457 -0.723
-0.320 -0.109 -0.973
-0.281 0.148 -0.953
-0.227 0.172 -0.949
-0.133 0.164 -0.926
-0.215 -0.07 -1.0
0.109 0.277 -0.937
0.082 0.039 -1.086
0.195 0.012 -0.992
0.074 0.238 -1.141
0.352 -0.105 -1.09
0.094 -0.113 -1.047
0.176 0.012 -0.973
0.184 -0.223 -0.855
-0.070 -0.297 -0.77
-0.137 -0.391 -0.656
0.180 -0.43 -0.664
0.590 -0.34 -0.625
0.996 -0.199 -0.715
0.887 -0.016 -0.812
0.605 0.012 -0.746
0.562 -0.074 -0.77
0.809 0.055 -0.801
1.246 0.187 -1.004
0.922 -0.059 -0.512
0.781 -0.172 -0.418
0.703 -0.25 -0.457
0.781 -0.508 -0.402
0.773 -0.613 -0.398
0.480 -0.547 -0.316
0.699 -0.094 -0.398
0.918 -0.668 -0.164
0.953 -0.441 -0.199
0.758 -0.348 -0.246
0.879 -0.289 -0.297
0.887 -0.242 -0.309
0.914 -0.301 -0.332
0.914 -0.223 -0.32
0.879 -0.207 -0.363
0.879 -0.289 -0.348
0.871 -0.227 -0.359
0.875 -0.203 -0.363
0.883 -0.223 -0.348
0.867 -0.254 -0.344
0.883 -0.234 -0.348
0.871 -0.23 -0.355
0.875 -0.258 -0.348
0.875 -0.246 -0.344
0.883 -0.234 -0.348
0.883 -0.234 -0.348
0.887 -0.23 -0.344
0.883 -0.242 -0.352
0.879 -0.254 -0.348
0.883 -0.23 -0.348
0.883 -0.203 -0.352
0.883 -0.223 -0.348
0.879 -0.234 -0.34
0.887 -0.254 -0.34
0.891 -0.215 -0.348
0.891 -0.246 -0.332
0.871 -0.238 -0.344
0.469 1.969 -0.609
1.020 -0.402 -0.27
1.047 -0.277 -0.359
0.621 -0.324 -0.437
0.777 0.117 -0.527
1.152 -1.176 0.297
0.523 -0.395 -0.145
0.383 0.184 -0.547
-0.008 -1.379 -0.258
-0.949 -2.039 0.73
0.258 -1.574 -0.77
0.199 -0.785 -0.668
.223 -0.848 -0.621
0.527 -0.559 -1.422
0.715 -0.457 -0.016
-0.086 -0.773 0.035
0.824 -0.68 0.117
1.082 -0.41 -0.113
1.062 -0.184 -0.109
0.781 -0.836 -0.293
0.945 -0.633 -0.172
1.125 -1.078 -0.109
0.699 -0.887 0.215
0.453 -0.852 0.121
0.574 -0.73 -0.25
0.535 -0.68 -0.109
0.832 -0.836 -0.113
1.133 -0.988 -0.609
1.172 -0.836 -0.328
0.742 -0.652 -0.078
0.699 -0.672 -0.02
0.887 -0.57 0.078
0.605 -0.957 0.391
0.535 -1.207 0.297
0.273 -0.914 -0.082
0.535 -1.043 0.242
0.859 -0.996 0.246
0.812 -1.133 0.027
0.680 -1.164 0.184
0.418 -0.57 0.387
0.141 -1.129 0.883
0.336 -1.262 1.344
-0.246 -0.633 0.566
0.543 -1.105 1.012
-0.559 -0.547 0.895
0.672 -1.133 0.121
0.992 -0.391 -0.215
0.672 0.09 0.543
-0.062 -0.215 1.191
0.496 -0.645 0.949
-0.316 -0.352 1.414
-0.266 0.027 0.965
0.113 -0.184 0.93
0.434 -0.219 0.977
-0.121 0.062 1.004
0.020 0.02 0.973
0.020 0.016 0.973
0.012 0.02 0.965
0.020 0.016 0.969
0.020 0.016 0.965
0.047 0.02 0.973
0.027 0.008 0.969
0.012 0.02 0.965
0.004 0.023 0.969
0.004 0.016 0.973
0.012 0.012 0.969
0.016 0.02 0.965
0.020 0.016 0.969
0.020 0.012 0.969
0.020 0.012 0.969
0.020 0.012 0.977
0.023 0.012 0.973
0.020 0.012 0.973
0.020 0.012 0.973
0.020 0.012 0.969
0.020 0.012 0.965
0.023 0.016 0.969
0.020 0.016 0.969
0.023 0.012 0.973
0.020 0.016 0.965
0.020 0.016 0.965
0.023 0.008 0.973
0.016 0.016 0.969
.020 0.016 0.973
0.020 0.02 0.969
0.020 0.016 0.973
0.016 0.012 0.969
0.023 0.016 0.965
0.023 0.016 0.965
0.020 0.016 0.969
0.023 0.016 0.969
0.020 0.016 0.973
0.020 0.012 0.965
0.016 0.008 0.969
0.023 0.016 0.969
0.020 0.016 0.973
0.020 0.02 0.98
0.023 0.016 0.969
0.023 0.012 0.969
0.020 0.016 0.973
0.020 0.008 0.969
0.023 0.012 0.973
0.020 0.012 0.969
0.023 0.016 0.973
0.016 0.016 0.965
0.020 0.012 0.965
0.020 0.012 0.977
0.016 0.012 0.969
0.016 0.016 0.973
0.020 0.016 0.973
0.020 0.016 0.973
0.020 0.016 0.969
0.020 0.023 0.965
0.020 0.012 0.965
0.023 0.016 0.965
0.016 0.012 0.965
0.020 0.012 0.965
0.020 0.012 0.973
0.020 0.012 0.965
0.023 0.016 0.977
0.020 0.012 0.969
0.023 0.02 0.969
0.020 0.012 0.973
0.020 0.016 0.965
0.020 0.016 0.969
0.016 0.012 0.969
0.020 0.012 0.965
0.023 0.012 0.965
0.023 0.016 0.973
0.020 0.02 0.965
0.020 0.016 0.973
0.020 0.016 0.973
0.023 0.023 0.977
0.020 0.016 0.977
0.020 0.012 0.973
0.016 0.016 0.973
0.020 0.016 0.969
0.020 0.012 0.969
0.016 0.016 0.969
0.023 0.016 0.973
0.020 0.016 0.977
0.020 0.016 0.969
0.023 0.02 0.973
0.020 0.012 0.965
0.012 0.012 0.965
0.020 0.016 0.965
0.020 0.016 0.969
0.020 0.016 0.969
0.020 0.016 0.965
0.020 0.016 0.973
0.020 0.016 0.965
0.020 0.016 0.973
0.020 0.016 0.961
0.020 0.012 0.965
0.023 0.02 0.969
0.020 0.016 0.973
0.020 0.016 0.973
.020 0.012 0.977
0.023 0.016 0.973
0.023 0.016 0.965
0.023 0.02 0.969
0.023 0.016 0.973
0.016 0.012 0.969
0.016 0.016 0.973
0.023 0.012 0.973
0.023 0.016 0.977
0.016 0.012 0.973
0.020 0.016 0.969
0.020 0.008 0.965
0.020 0.016 0.965
0.020 0.016 0.969
0.020 0.016 0.969
0.020 0.012 0.973
0.016 0.016 0.969
0.016 0.016 0.973
0.020 0.016 0.969
0.020 0.02 0.973
0.020 0.02 0.965
0.020 0.012 0.969
0.016 0.016 0.969
0.020 0.016 0.973
0.020 0.012 0.973
0.020 0.012 0.969
0.020 0.016 0.965
0.020 0.016 0.973
0.023 0.012 0.973
0.023 0.016 0.969
0.020 0.012 0.977
0.023 0.016 0.961
0.020 0.016 0.969
0.020 0.016 0.969
0.020 0.016 0.973
0.023 0.02 0.973
0.020 0.016 0.969
0.020 0.012 0.973
0.020 0.016 0.969
0.020 0.02 0.973
0.020 0.012 0.965
0.016 0.016 0.977
0.020 0.012 0.965
0.020 0.012 0.973
0.023 0.012 0.965
0.020 0.016 0.965
0.020 0.008 0.973
0.020 0.012 0.973
0.020 0.016 0.969
0.020 0.012 0.98
0.016 0.012 0.973
0.020 0.016 0.973
0.023 0.012 0.969
0.020 0.016 0.969
0.020 0.016 0.969
0.016 0.02 0.973
0.020 0.016 0.96
0.023 0.016 0.977
0.020 0.016 0.969
0.016 0.012 0.977
0.016 0.012 0.969
0.020 0.02 0.973
0.012 0.016 0.973
0.016 0.016 0.969
0.020 0.012 0.973
0.016 0.012 0.973
0.020 0.02 0.965
0.023 0.012 0.977
0.016 0.016 0.973
0.020 0.012 0.977
0.023 0.012 0.973
0.020 0.016 0.965
0.020 0.012 0.969
0.020 0.016 0.969
0.016 0.016 0.973
0.020 0.016 0.969
0.023 0.012 0.969
0.016 0.012 0.977
0.016 0.008 0.977
0.016 0.016 0.977
0.016 0.016 0.973
0.020 0.016 0.965
0.023 0.016 0.969
0.020 0.02 0.969
0.020 0.02 0.973
0.020 0.016 0.969
0.020 0.012 0.969
0.020 0.012 0.969
0.016 0.02 0.969
0.020 0.02 0.973
0.020 0.016 0.969
0.016 0.02 0.969
0.012 0.02 0.977
0.020 0.02 0.969
0.016 0.012 0.969
0.020 0.012 0.969
0.023 0.016 0.969
0.047 0.012 0.973
0.027 0.02 0.973
0.008 0.016 0.98
0.004 0.023 0.973
0.008 0.016 0.965
0.012 0.016 0.969
0.020 0.016 0.969
0.020 0.008 0.977
0.020 0.02 0.973
0.020 0.016 0.965
0.020 0.016 0.973
0.020 0.02 0.969
.020 0.016 0.969
0.020 0.02 0.9
0.023 0.016 0.98
0.020 0.016 0.969
0.023 0.016 0.977
0.012 0.012 0.965
0.023 0.012 0.965
0.020 0.016 0.965
0.016 0.016 0.969
0.027 0.012 0.973
0.016 0.012 0.977
0.020 0.012 0.973
0.020 0.016 0.969
0.020 0.012 0.969
0.020 0.016 0.969
0.023 0.016 0.969
0.020 0.008 0.973
0.020 0.012 0.969
0.023 0.016 0.969
0.020 0.016 0.973
0.020 0.012 0.969
0.016 0.016 0.969
0.023 0.012 0.973
0.020 0.012 0.973
0.023 0.012 0.969
0.020 0.008 0.965
0.020 0.012 0.973
0.020 0.012 0.969
0.020 0.02 0.969
0.020 0.016 0.969
0.016 0.012 0.98
0.016 0.016 0.973
0.016 0.008 0.965
0.020 0.023 0.973
0.039 -0.031 0.969
0.023 0.031 0.973
0.020 0.027 0.965
0.023 0.004 0.973
0.020 0.008 0.965
.012 0.02 0.973
0.020 0.016 0.965
0.020 0.008 0.969
0.020 0.016 0.969
0.016 0.012 0.965
0.020 0.016 0.969
0.020 0.02 0.973
0.020 0.012 0.973
0.023 0.008 0.965
0.020 0.016 0.969
0.023 0.016 0.973
0.020 0.016 0.973
0.020 0.02 0.969
0.016 0.016 0.965
0.016 0.016 0.973
0.020 0.016 0.969
0.023 0.016 0.969
0.020 0.02 0.973
0.023 0.016 0.973
0.023 0.008 0.969
0.023 0.02 0.973
0.020 0.016 0.969
0.023 0.016 0.969
0.020 0.012 0.973
0.020 0.008 0.973
0.020 0.008 0.977
0.023 0.016 0.969
0.020 0.012 0.969
0.020 0.012 0.969
0.020 0.02 0.969
0.023 0.008 0.965
0.020 0.012 0.977
0.020 0.016 0.965
0.023 0.012 0.969
0.020 0.012 0.965
0.016 0.012 0.965
0.023 0.012 0.973
0.016 0.016 0.973
0.023 0.016 0.969
0.023 0.012 0.969
0.016 0.016 0.969
0.020 0.012 0.973
0.023 0.016 0.973
0.016 0.02 0.969
0.023 0.016 0.969
0.023 0.016 0.969
0.020 0.016 0.977
0.023 0.016 0.973
0.023 0.016 0.965
0.020 0.012 0.969
0.023 0.02 0.965
0.020 0.02 0.973
0.020 0.012 0.969
0.020 0.012 0.965
0.020 0.012 0.969
0.016 0.02 0.973
0.023 0.012 0.973
0.027 0.016 0.965
0.023 0.016 0.965
0.016 0.012 0.969
0.023 0.012 0.973
0.020 0.016 0.969
0.020 0.016 0.969
0.020 0.012 0.973
0.020 0.012 0.973
0.023 0.016 0.969
0.020 0.016 0.973
0.020 0.016 0.961
0.023 0.02 0.969
0.020 0.012 0.969
0.020 0.012 0.969
0.023 0.016 0.0
0.020 0.016 0.969
0.020 0.016 0.961
0.020 0.008 0.98
0.023 0.016 0.965
0.020 0.016 0.965
0.023 0.02 0.969
0.023 0.02 0.969
0.016 0.016 0.977
0.016 0.016 0.969
0.020 0.02 0.973
0.023 0.012 0.969
0.020 0.016 0.965
0.020 0.008 0.973
0.023 0.008 0.969
-0.004 0.008 0.957
0.020 0.012 0.965
0.023 0.02 0.973
0.020 0.012 0.977
0.023 0.016 0.965
0.020 0.012 0.969
0.020 0.012 0.973
0.020 0.012 0.977
0.020 0.012 0.973
0.023 0.016 0.969
0.020 0.012 0.965
0.020 0.016 0.969
0.020 0.016 0.973
0.020 0.012 0.977
0.020 0.012 0.969
0.023 0.012 0.969
0.027 0.012 0.969
0.023 0.012 0.973
0.023 0.016 0.973
0.020 0.016 0.965
0.020 0.012 0.977
0.027 0.012 0.965
0.004 0.016 0.969
0.000 0.016 0.977
0.016 0.012 0.969
0.020 0.02 0.969
0.020 0.016 0.965
0.020 0.02 0.965
0.016 0.012 0.969
0.020 0.016 0.977
.023 0.016 0.973
0.020 0.008 0.9
0.023 0.016 0.973
0.016 0.016 0.973
0.020 0.012 0.977
0.023 0.012 0.973
0.023 0.02 0.969
0.016 0.02 0.977
0.016 0.0 0.973
0.020 0.012 0.965
0.023 0.012 0.969
0.023 0.016 0.965
0.020 0.008 0.973
0.020 0.016 0.969
0.020 0.02 0.965
0.027 0.008 0.965
0.020 0.008 0.969
0.020 0.012 0.969
0.008 0.023 0.965
0.020 0.008 0.965
0.020 0.012 0.965
0.016 0.008 0.977
0.020 0.016 0.969
0.023 0.012 0.977
0.020 0.02 0.973
0.020 0.012 0.965
0.020 0.012 0.969
0.020 0.012 0.969
0.023 0.016 0.965
0.016 0.012 0.969
0.016 0.012 0.969
0.020 0.02 0.973
0.016 0.016 0.973
0.020 0.016 0.973
0.020 0.016 0.969
0.016 0.012 0.969
0.023 0.016 0.965
0.020 0.016 0.961
0.020 0.012 0.973
0.020 0.012 0.965
0.016 0.012 0.973
0.020 0.016 0.977
0.020 0.012 0.973
0.020 0.016 0.969
0.020 0.016 0.969
0.020 0.016 0.969
0.020 0.016 0.961
0.020 0.012 0.965
0.016 -0.004 0.977
0.016 0.016 0.969
0.023 0.016 0.965
0.020 0.012 0.973
0.020 0.016 0.969
0.016 0.016 0.969
0.020 0.016 0.969
0.023 0.012 0.965
0.020 0.012 0.969
0.016 0.02 0.969
0.020 0.012 0.969
0.016 0.012 0.973
0.020 0.016 0.965
0.023 0.012 0.973
0.023 0.012 0.973
0.016 0.02 0.965
0.016 0.016 0.969
0.016 0.016 0.973
0.020 0.016 0.973
0.023 0.012 0.969
0.020 0.016 0.973
0.020 0.016 0.973
0.020 0.016 0.973
0.016 0.016 0.973
0.020 0.016 0.965
0.020 0.012 0.973
0.020 0.012 0.973
0.023 0.016 0.973
0.020 0.016 0.969
0.020 0.012 0.98
0.020 0.016 0.973
0.020 0.016 0.977
0.023 0.016 0.969
0.020 0.016 0.973
0.020 0.016 0.969
0.016 0.012 0.969
0.023 0.012 0.965
0.020 0.016 0.965
0.023 0.02 0.969
0.023 0.012 0.973
0.016 0.012 0.973
0.020 0.012 0.977
0.020 0.008 0.973
0.027 0.012 0.969
0.020 0.016 0.969
0.016 0.02 0.973
0.020 0.016 0.973
0.023 0.012 0.969
0.023 0.012 0.969
0.020 0.02 0.973
0.023 0.012 0.965
0.023 0.016 0.965
0.016 0.016 0.977
0.023 0.012 0.973
0.023 0.012 0.969
0.016 0.02 0.973
0.020 0.016 0.973
0.020 0.02 0.973
0.020 0.016 0.969
0.016 0.012 0.969
0.023 0.016 0.969
0.023 0.016 0.969
0.020 0.016 0.969
0.020 0.016 0.969
0.016 0.016 0.973
0.012 0.016 0.961
0.020 0.016 0.965
0.020 0.012 0.969
0.020 0.016 0.973
0.023 0.016 0.969
0.020 0.016 0.969
0.023 0.012 0.973
0.016 0.016 0.977
0.020 0.023 0.969
0.023 0.016 0.965
0.023 0.012 0.973
0.020 0.016 0.965
0.016 0.012 0.969
0.020 0.016 0.965
0.016 0.012 0.969
0.020 0.012 0.965
0.027 0.016 0.973
0.023 0.016 0.969
0.020 0.012 0.969
0.020 0.012 0.969
0.016 0.012 0.969
0.020 0.012 0.973
0.023 0.016 0.969
0.016 0.016 0.969
0.020 0.016 0.965
0.023 0.016 0.973
0.020 0.016 0.969
0.020 0.016 0.98
0.020 0.012 0.961
0.027 0.012 0.973
0.020 0.016 0.973
0.023 0.012 0.973
0.020 0.016 0.973
0.020 0.016 0.973
0.020 0.012 0.969
0.023 0.016 0.973
0.023 0.012 0.973
0.023 0.02 0.977
0.020 0.016 0.969
0.020 0.016 0.969
0.020 0.016 0.977
0.020 0.012 0.969
0.020 0.016 0.973
0.023 0.02 0.973
0.020 0.012 0.965
0.020 0.016 0.973
0.020 0.016 0.965
0.020 0.012 0.961
0.020 0.016 0.977
0.023 0.016 0.973
0.020 0.016 0.965
0.020 0.012 0.969
0.020 0.008 0.973
0.012 0.027 0.973
0.023 0.008 0.973
0.020 0.016 0.965
0.020 0.016 0.973
0.020 0.012 0.973
0.020 0.02 0.969
0.023 0.008 0.965
0.023 0.012 0.973
0.020 0.02 0.965
0.016 0.016 0.977
0.020 0.016 0.973
0.023 0.012 0.969
0.023 0.016 0.969
0.016 0.012 0.969
0.020 0.008 0.973
0.020 0.02 0.965
0.023 0.02 0.973
0.020 0.012 0.973
0.020 0.012 0.965
0.020 0.012 0.969
0.016 0.012 0.965
0.020 0.012 0.969
0.023 0.02 0.969
0.016 0.012 0.969
0.020 0.012 0.965
0.020 0.016 0.965
0.020 0.008 0.977
0.023 0.016 0.969
0.016 0.012 0.969
0.020 0.012 0.969
0.020 0.016 0.965
0.023 0.016 0.969
0.023 0.012 0.969
0.016 0.02 0.969
0.020 0.012 0.969
0.020 0.012 0.973
0.016 0.012 0.969
0.020 0.016 0.969
0.020 0.016 0.969
0.023 0.012 0.969
0.016 0.016 0.969
0.012 0.016 0.965
0.016 0.016 0.969
0.020 0.02 0.965
0.020 0.012 0.973
0.020 0.012 0.973
0.020 0.012 0.977
0.020 0.012 0.973
0.020 0.012 0.965
0.020 0.02 0.973
0.023 0.02 0.969
0.020 0.016 0.973
0.023 0.008 0.977
0.016 0.012 0.965
0.020 0.016 0.973
0.016 0.012 0.973
0.012 0.02 0.969
0.020 0.016 0.965
0.023 0.016 0.973
0.020 0.02 0.969
0.016 0.012 0.969
0.020 0.012 0.969
0.020 0.012 0.973
0.020 0.012 0.969
0.023 0.016 0.969
0.016 0.016 0.969
0.020 0.016 0.973
0.020 0.012 0.973
0.020 0.016 0.969
0.020 0.012 0.977
0.020 0.016 0.969
0.020 0.012 0.969
0.023 0.016 0.969
0.016 0.016 0.969
0.020 0.012 0.973
0.020 0.016 0.973
0.020 0.012 0.969
0.020 0.012 0.973
0.023 0.02 0.969
0.020 0.016 0.973
0.020 0.012 0.977
0.020 0.008 0.969
0.016 0.02 0.973
0.023 0.016 0.969
0.020 0.016 0.977
0.023 0.016 0.965
0.020 0.008 0.977
0.023 0.012 0.969
0.020 0.016 0.973
0.020 0.016 0.969
0.016 0.016 0.969
0.020 0.012 0.977
0.020 0.012 0.965
0.016 0.016 0.965
0.016 0.012 0.977
0.023 0.016 0.969
0.020 0.016 0.965
0.020 0.02 0.977
0.020 0.016 0.969
0.023 0.012 0.969
0.020 0.016 0.969
0.020 0.02 0.969
0.020 0.012 0.969
0.016 0.012 0.965
0.020 0.016 0.973
0.016 0.012 0.965
0.016 0.016 0.973
0.012 0.016 0.973
0.020 0.016 0.965
0.020 0.012 0.973
0.023 0.016 0.965
0.023 0.012 0.977
0.016 0.016 0.973
0.016 0.012 0.977
0.020 0.012 0.965
0.020 0.012 0.965
0.016 0.012 0.969
0.023 0.012 0.969
0.020 0.016 0.969
0.020 0.016 0.965
0.016 0.016 0.969
0.016 0.016 0.969
0.020 0.008 0.969
0.016 0.012 0.969
0.016 0.012 0.965
0.023 0.016 0.965
0.023 0.012 0.977
0.023 0.016 0.969
0.023 0.02 0.969
0.023 0.016 0.969
0.023 0.012 0.973
0.023 0.016 0.969
0.023 0.02 0.969
0.020 0.012 0.973
0.016 0.016 0.969
0.020 0.02 0.973
0.016 0.016 0.973
0.016 0.016 0.969
0.016 0.012 0.973
0.016 0.016 0.973
0.023 0.012 0.973
0.020 0.012 0.965
0.023 0.02 0.965
0.020 0.012 0.969
0.020 0.016 0.973
0.020 0.016 0.973
0.023 0.012 0.973
0.020 0.016 0.965
0.023 0.012 0.969
0.023 0.012 0.973
.020 0.02 0.965
0.016 0.016 0.973
0.020 0.016 0.969
0.020 0.016 0.973
0.016 0.016 0.969
0.023 0.016 0.977
0.020 0.012 0.973
0.020 0.012 0.977
0.012 0.012 0.973
0.020 0.016 0.977
.020 0.012 0.969
0.016 0.012 0.969
0.023 0.012 0.969
0.023 0.008 0.965
0.023 0.012 0.965
0.016 0.016 0.969
0.016 0.016 0.969
0.020 0.016 0.969
0.023 0.008 0.973
0.020 0.016 0.977
0.020 0.016 0.973
0.023 0.02 0.973
0.020 0.012 0.973
0.020 0.008 0.973
0.020 0.012 0.969
0.023 0.016 0.973
0.020 0.012 0.969
0.020 0.016 0.965
0.020 0.016 0.977
0.020 0.02 0.969
0.020 0.012 0.973
0.020 0.016 0.969
0.016 0.016 0.973
0.020 0.008 0.969
0.020 0.016 0.965
0.020 0.016 0.973
0.020 0.012 0.965
0.020 0.012 0.969
0.016 0.012 0.965
0.020 0.016 0.973
0.020 0.012 0.977
0.020 0.012 0.969
0.020 0.012 0.965
0.016 0.016 0.965
0.027 0.012 0.965
0.020 0.012 0.973
0.020 0.016 0.973
0.023 0.012 0.977
0.020 0.016 0.973
0.023 0.02 0.969
0.020 0.016 0.973
0.023 0.016 0.977
0.020 0.016 0.969
0.016 0.02 0.977
0.023 0.016 0.973
0.027 0.016 0.977
0.020 0.016 0.969
0.016 0.016 0.973
0.020 0.012 0.965
0.020 0.016 0.969
0.020 0.012 0.969
0.016 0.012 0.969
0.020 0.012 0.969
0.020 0.016 0.961
0.020 0.02 0.965
0.023 0.02 0.965
0.016 0.012 0.973
0.023 0.016 0.961
0.020 0.016 0.965
0.020 0.008 0.973
0.020 0.016 0.969
0.020 0.012 0.969
0.020 0.012 0.977
0.016 0.012 0.969
0.023 0.016 0.965
0.020 0.016 0.965
0.020 0.012 0.969
0.020 0.008 0.969
0.020 0.012 0.973
0.012 0.016 0.965
0.020 0.012 0.965
0.023 0.012 0.973
0.020 0.012 0.973
0.020 0.012 0.973
0.020 0.008 0.973
0.016 0.016 0.965
0.016 0.012 0.969
0.023 0.016 0.973
0.027 0.016 0.973
0.020 0.012 0.973
0.020 0.012 0.969
0.020 0.012 0.969
0.020 0.016 0.965
0.023 0.02 0.969
0.020 0.016 0.969
.016 0.016 0.973
0.016 0.008 0.969
0.020 0.012 0.973
0.020 0.012 0.973
0.016 0.012 0.973
0.023 0.016 0.977
0.023 0.02 0.969
0.020 0.016 0.973
0.020 0.016 0.973
.016 0.016 0.973
0.020 0.016 0.969
0.023 0.016 0.969
0.016 0.016 0.973
0.023 0.016 0.965
0.023 0.012 0.973
0.020 0.012 0.969
0.020 0.02 0.969
0.023 0.012 0.965
0.012 0.012 0.969
0.020 0.02 0.969
0.016 0.012 0.973
0.023 0.012 0.965
0.020 0.02 0.969
0.023 0.016 0.973
0.027 0.008 0.969
0.020 0.016 0.969
0.016 0.02 0.977
0.023 0.023 0.969
0.020 0.012 0.969
0.023 0.008 0.969
0.020 0.012 0.969
0.023 0.016 0.969
0.023 0.012 0.969
0.023 0.02 0.965
0.023 0.012 0.969
0.016 0.012 0.973
0.020 0.012 0.965
0.016 0.012 0.969
0.023 0.012 0.969
0.023 0.016 0.973
0.023 0.012 0.973
0.020 0.012 0.973
0.020 0.016 0.969
0.020 0.016 0.965
0.020 0.012 0.969
0.023 0.016 0.969
0.020 0.02 0.977
0.016 0.012 0.973
0.020 0.012 0.969
0.020 0.016 0.973
0.020 0.02 0.973
0.023 0.012 0.965
0.027 0.008 0.965
0.016 0.016 0.965
0.016 0.016 0.973
0.016 0.012 0.969
0.023 0.016 0.973
0.020 0.016 0.969
0.020 0.016 0.969
0.023 0.012 0.973
0.020 0.012 0.973
0.020 0.016 0.969
0.020 0.012 0.969
0.023 0.012 0.969
0.016 0.016 0.973
0.023 0.016 0.973
0.016 0.016 0.965
0.020 0.02 0.973
0.023 0.012 0.969
0.027 0.004 0.969
0.027 0.016 0.973
0.023 0.016 0.969
0.020 0.008 0.969
0.016 0.016 0.965
0.016 0.012 0.961
0.020 0.016 0.977
0.020 0.012 0.973
0.020 0.016 0.973
0.023 0.012 0.977
0.023 0.012 0.969
0.020 0.016 0.973
0.023 0.012 0.973
0.020 0.016 0.969
0.020 0.012 0.969
0.023 0.008 0.965
0.016 0.016 0.969
0.020 0.012 0.965
0.020 0.02 0.973
0.020 0.016 0.973
0.020 0.016 0.973
0.020 0.016 0.965
0.023 0.012 0.973
0.016 0.016 0.973
0.020 0.016 0.969
0.023 0.016 0.965
0.012 0.016 0.969
0.023 0.012 0.969
0.020 0.012 0.973
0.020 0.012 0.973
0.023 0.016 0.969
0.020 0.016 0.969
0.023 0.016 0.969
0.020 0.012 0.969
0.020 0.016 0.965
0.020 0.016 0.965
0.020 0.016 0.965
0.016 0.012 0.969
0.020 0.012 0.973
0.020 0.016 0.977
0.020 0.016 0.973
0.023 0.012 0.977
0.023 0.012 0.969
0.020 0.016 0.969
0.016 0.016 0.965
0.020 0.016 0.969
0.020 0.016 0.969
0.016 0.012 0.965
0.023 0.008 0.969
0.027 0.016 0.973
0.020 0.016 0.0
0.020 0.012 0.969
0.016 0.012 0.969
0.016 0.012 0.98
0.027 0.02 0.973
0.020 0.012 0.973
0.023 0.012 0.969
0.020 0.012 0.965
0.023 0.012 0.969
0.020 0.016 0.969
0.020 0.008 0.969
0.020 0.016 0.969
0.023 0.016 0.973
0.016 0.012 0.965
.016 0.012 0.965
0.023 0.016 0.969
0.023 0.012 0.969
0.016 0.02 0.969
0.020 0.012 0.965
0.020 0.016 0.965
0.020 0.012 0.969
0.016 0.012 0.973
0.016 0.016 0.973
0.023 0.02 0.965
0.020 0.012 0.969
0.020 0.016 0.965
0.023 0.016 0.977
0.023 0.016 0.973
0.023 0.012 0.973
0.023 0.012 0.973
0.023 0.012 0.969
0.020 0.016 0.973
0.023 0.012 0.973
0.023 0.012 0.973
0.016 0.016 0.973
0.016 0.016 0.961
0.016 0.016 0.973
0.020 0.012 0.969
0.020 0.012 0.973
0.016 0.016 0.969
0.020 0.016 0.969
.020 0.016 0.969
0.023 0.012 0.969
0.020 0.02 0.973
0.016 0.012 0.965
0.020 0.016 0.969
0.020 0.016 0.965
0.023 0.012 0.969
0.020 0.004 0.977
0.020 0.016 0.977
0.020 0.012 0.977
0.023 0.016 0.973
0.023 0.016 0.973
0.020 0.016 0.965
0.020 0.012 0.965
0.023 0.02 0.969
0.020 0.016 0.977
0.020 0.016 0.969
0.023 0.016 0.965
0.023 0.012 0.965
0.016 0.016 0.977
0.016 0.012 0.969
0.020 0.016 0.973
0.012 0.016 0.973
0.020 0.016 0.969
0.020 0.016 0.977
0.016 0.012 0.965
0.016 0.012 0.977
0.020 0.012 0.969
0.023 0.016 0.969
0.023 0.016 0.969
0.023 0.016 0.965
0.023 0.012 0.973
0.016 0.023 0.965
0.020 0.012 0.969
0.020 0.016 0.969
0.020 0.012 0.969
0.016 0.02 0.973
0.023 0.016 0.969
0.016 0.02 0.969
0.016 0.012 0.973
0.023 0.008 0.969
0.020 0.012 0.965
0.023 0.016 0.965
0.020 0.016 0.973
0.023 0.012 0.973
0.023 0.016 0.969
0.020 0.02 0.973
0.020 0.016 0.965
0.016 0.012 0.973
0.023 0.012 0.977
0.016 0.012 0.973
0.016 0.012 0.973
0.016 0.016 0.973
0.020 0.016 0.973
0.020 0.016 0.969
0.020 0.016 0.965
0.020 0.02 0.977
0.020 0.012 0.977
0.016 0.012 0.965
