0.17308444976945087
0.24879776453046354
0.3192405498769331
0.3760496225914122
0.4385062418133385
0.5052410006851988
0.5565565136581868
0.631373931909268
0.675575986123833
0.7113778563682566
0.7384862967750233
0.7655654151463556
0.7918893685037638
0.7926691294440381
0.8094272257034268
0.9063511179571083
0.9201011555763654
0.9273538680620281
0.9417901804288089
0.9470602068728268
0.9534957934419424
0.9619066573340631
0.9691196639302322
0.9763549902131895
0.9793732045270356
0.9853608489911604
0.9876104022681912
0.9869105230364138
1.0007046687502041
1.0462579955721258
1.0723713396695553
1.0788587961118414
1.1132848325157476
1.1037050962754522
1.0928134831931062
1.0780350305297934
1.0734784763049203
1.0542234668219241
1.0531227549815512
1.0426660144277082
1.0304329100736078
1.037504358358208
1.0287364515992925
1.028722236840198
1.0180090879276698
1.0136486084291085
1.0151510283731178
1.0042306961467486
0.994411273733726
0.9972602017657644
1.0162560689159048
1.0180364479823558
1.015869651783906
1.0110532182106546
1.0077836712041177
1.007412985848445
1.0009368232512046
1.0020433468221859
0.9940401024393726
0.9942567388452097
0.9990597422661665
0.9987213685290961
0.9924662486522319
0.9935305705692659
1.00080558906768
0.9938875337538928
0.9953745329449248
0.9758330733576586
0.9843580550590306
1.0009950873083062
1.0015953191847147
0.9916046373288734
0.9801648784580109
0.97110385419466
0.9561235634332147
0.9796263551028481
0.9749252617245866
0.9705064669980622
0.9540773379052638
0.9735555922762693
0.9918710413091089
0.9896215062049
1.0122913612024227
0.9951971848728897
0.9979552994288698
1.0138039146165894
1.0157619637807505
1.0089233380378397
1.0009016773998987
1.0058799635416174
1.0035845958885188
1.0026688552945868
1.00439055542651
0.9989842949220088
1.0004650296787916
1.000835861093057
1.0006285971182738
1.001982008737842
1.00141605306516
1.0019682706596755
1.0015188892279192
1.0030681492338214
1.0034094291760627
1.0030082989775555
0.9986742217649998
1.0037923342756179
1.009902164509953
0.9995101268117469
0.9996220902763219
0.9992246018337149
0.9892316356179301
0.9840672799637477
0.9842281363737032
0.9906321658855383
0.9860014809186676
0.9684396684353653
0.9757902398901525
1.0019363457027082
1.002117476305615
1.0081202022532763
1.0059183097847892
1.0040249512880732
1.003426749835629
1.0064141441558403
1.0045943557792325
1.0038163365195294
1.0041784949614654
1.0067824814900646
1.0564958578311332
1.0462507104943213
1.0527729666056684
1.0616170841318662
1.1023609843701703
1.1147354509653826
1.0925484527938691
1.0838585824336666
1.0758320908516423
1.066352490153795
1.0618729169469334
1.0540984637451787
1.0468821894788296
1.0391115087503466
1.0320430455832528
1.028112115210655
1.0312273233661282
1.025896736677442
1.0217018078678757
1.0178071955962606
1.0130924626345459
1.009882158409651
1.0057217088079609
1.0049496134469509
1.0023006901516438
1.0012652357962437
0.9966039942611347
0.9885587967746937
1.0149621160521238
1.0745154238919017
1.0938144724495364
1.0907244333177082
1.0641296378868592
1.0873799389294845
1.0783662376105438
1.072224453155515
1.0561819775570953
1.0482599551307799
1.0496244579431129
1.0549460109092559
1.0595707598339366
1.048672301129377
1.0401067420436023
1.0353155072949654
1.0257134575470594
1.022558835355638
1.0211344196091068
1.0155167813172623
1.0184931328305709
1.014824765674773
1.013724495696476
1.0105695805237098
1.0054640951455065
1.0010360844275619
0.9996216260108006
1.0112089394025738
1.0083939310217525
1.003559973057697
1.0040664581972303
1.0026910809454446
0.9988881163438084
0.9952518750239623
0.9946329983958099
0.9925020031814917
0.9901327172967704
0.9877048500664738
0.9848602872446212
0.9838745284318763
0.9791954275466103
0.9805547867939548
0.9806551516485821
0.9871144704987429
0.9863080490565199
0.9841825743235926
0.9863895421843385
0.9860604987734132
0.9856450164787631
0.9851454684827087
0.9860097168497681
0.9848534058499863
0.9819183310367353
0.9800094748023468
0.9799495029381046
0.9803412856006445
0.9795426204130465
0.98052276304314
0.9806441883969906
0.9833250939524357
0.9809895932150863
0.9817167549250481
0.9804465303323848
0.9836322582221594
0.9841395818706986
0.9852381535572448
0.9844567969305017
0.988619018471957
0.9855893463676725
0.9864560519671591
0.9866356919473586
0.9888515731979015
0.9267480013651377
0.9319647842424102
0.9339745129688353
0.9388703692951839
0.942809110087858
0.9449490817446429
0.9464965191797269
0.9497102672425999
0.9526281527216516
0.9551731634915303
0.9567859363772534
0.9579960710510071
0.9592811730151833
0.9610888819802539
0.9633528836714091
0.9666294230537077
0.9662768160996474
0.9703269126836197
0.9709227160890201
0.9698054583283174
0.9692603828898837
0.9739750246577858
0.9770000872867434
0.974742008973731
0.9772626855130381
0.9772555988089205
0.9777789268673984
0.9781628922268666
0.9797667385548036
0.9791510199121017
0.980547467247549
0.9830404012804391
0.9805763821039523
0.9778956495466996
0.977889006955566
0.9780843476300418
0.9788068566404126
0.9786884118718601
0.9778097111155454
0.9766443911659181
0.9781283808270994
0.977126345490353
0.9762341555081234
0.9766719084711913
0.9765415924633207
0.9770273496915695
0.9765127795273899
0.9759001345648013
0.9759722497158932
0.9759025560457157
0.980061871845313
0.9795913047973936
0.9798803292185428
0.9787513093195396
0.9808518516781537
0.9810120806104666
0.9812069028363073
0.9817133283835205
0.9800900580387857
0.9788323384251718
0.980789301803122
0.9813858199498771
0.9798055266232981
0.9802512131638603
0.9815291303570167
0.9850693421126969
0.9833290835787124
0.9858459252655277
0.9869700593737375
0.9841586407973378
0.986863108609769
0.9809294299361357
0.9807598307212451
0.9816830950277502
0.9812841532508252
0.9814353764064688
0.9812140714104195
0.9810185956978666
0.9785311457987365
0.9782993184441152
0.9804518390987645
0.9819794203740958
0.9803347893424953
0.9826706109136105
0.9762861716455145
0.9776036085093088
0.9769547229638263
0.9773055615760733
0.9785495473041697
0.9784716978595189
0.9796874295009633
0.9818736650984458
0.9807100865037669
0.9787347833353515
0.9778734418531314
0.9779945189590641
0.9774052661401001
0.9787274320760587
0.978177086876853
0.9785665050004436
0.9779137897958929
0.9798122430986439
0.9844573866669903
0.9757836349735257
0.9889267165413022
0.983182442695417
0.9811325993175225
0.9995877968482294
0.9892340277005404
0.9792588659465588
0.9786799738134389
0.9819395097208137
0.9787955355439667
0.9810370361039731
0.9839456766776098
0.9810999938063577
0.9827238090273948
0.9826537496344957
0.9818659717538067
0.982074200832654
0.9830338960113139
0.9848637237262156
0.9858677605050111
0.9876452650153834
0.9889584514040751
0.9872520581934222
0.9875262020476708
0.9882494375799108
0.9861755042415102
0.9893561913463759
0.9948006687843235
0.9903846147986651
0.9953383398788354
0.9950434225766641
0.9893690502241288
0.9883171398770526
0.9906215028048281
0.9895922989489384
0.9891149910574277
0.9880845499509378
0.9912370405814849
1.0049746013467113
1.0193456274603678
0.9936480474493656
0.9838879703631851
0.9816969216554433
0.9851556210126468
0.9822035216881073
0.9821261223022066
0.9838093197629848
0.9838198636066036
0.9836322468865291
0.9831384880433098
0.9817155270584788
0.9798291282210165
0.9788163245970143
0.9768776580086249
0.9763924177002018
0.980649552001756
0.9768959462229302
0.9756819895228662
0.9612450591613971
0.9637980128193688
0.9669906401504967
0.9681752108771877
0.9601914042660461
0.9640819618155337
0.9641277763343766
0.9646240248319008
0.9655759195907826
0.9663860685045731
0.9655580542387519
0.9665275321031281
0.9679447656356601
0.9650956996225122
0.9667978721371906
0.9697046789360774
0.9698731651317476
0.9687386352193581
0.9718707054229814
0.9756507353691638
0.9748180860939315
0.9748857977603269
0.9757390256059377
0.9718545365737966
0.9728036942753302
0.97267903547496
0.9737141266591466
0.9731394686108309
0.9697954897956049
0.9711060233972977
0.9675748247679263
0.9663494209774206
0.9681962078497622
1.011028136370409
0.9845236042642344
0.9991143524086641
0.9978093070742576
1.0026360446922136
0.987988812288559
0.9813869413455482
0.9806864623893545
0.9807845800063301
0.9814925457080018
0.9811239951084794
0.983114535551459
0.9856082502556821
0.987310148352408
0.9850897500338983
0.9854395280696882
0.986517238218005
0.9888849077494797
0.9867020585765246
0.986182438563712
0.9873513113522535
0.9863285947889397
0.9861267892471957
0.9860061240405291
0.9854945217037745
0.9854630851613657
0.9854352447198902
0.9843199492834608
0.9848213025038085
0.984941409970184
0.9852708383165351
0.983758688195007
0.9838218670488889
0.9841327068901768
0.9855277666226986
0.9843930363629887
0.984077581666119
0.9842446479477964
0.98402012752431
0.9841924169097882
0.9841103686494275
0.9826676690049603
0.9830733982259336
0.9831126770381405
0.9834948947314385
0.9855392319579761
0.9866649692043352
0.987171505356859
0.986117763061264
0.98610456789684
0.9850777639992454
0.9850586955867172
0.984613933480512
0.9845473113801263
0.9846133806678441
0.9848618409486952
0.9854981628119048
0.9854471529041212
0.9858783558886536
0.984911602809212
0.9845984352354883
0.9850417696123372
0.9842155523779528
0.98401936888506
0.9840078606874343
0.9843559210737763
0.9845751048945762
0.9837890295453523
0.9845657640770675
0.9844531496727303
0.9845432787683687
0.9838119203250696
0.9842502826548867
0.984554215129312
0.9845639096921243
0.9845727229310445
0.983803722926653
0.9836775109114044
0.9843213562321131
0.9834382886973857
0.9831964217796684
0.9829064409479362
0.9862963171694265
0.981346143573406
0.9826621553667155
1.005477930666132
1.0213191098346195
1.037438893087645
1.023910746582787
1.0081082184507386
0.9884118385904409
0.9815587061591002
0.9744310988221314
0.9688513323514839
0.9775445200566204
0.9578374471891955
0.9546257280398021
1.0045078411859143
1.0151457920463638
1.0138004418436382
1.0027414318991537
0.9946042762282271
0.9933734081831219
1.020159725941299
1.0085198988992705
1.0107696928466017
1.0251530219521818
1.031245211934287
1.0278386574801486
1.0319340666362535
1.0160888669005288
1.013619807991658
1.0077272687244263
1.0068472982999799
1.0088445695568409
1.0032490189717103
0.998896721688313
0.9928404123763258
0.9910851696266991
1.0394887182009038
1.036411073409708
1.032561603023116
1.0270691424372687
1.0226595607113913
1.0137486360255805
1.0138456013071313
1.0120700317897504
1.008517416544531
1.0057047076224583
1.0062355405238752
1.0054120382379697
1.0077311622628324
1.0060178498148071
0.9967212220735917
0.9812164076790144
0.9746381273464018
0.9878852242567244
0.9912116107377805
0.9917072310036675
0.998355270737223
0.9978252518207346
1.0185991791522444
1.017583383909644
1.0151180801261075
1.0269392620905984
1.031830955463749
1.0061559381115464
0.9711613017967196
1.0074190003057066
1.0253457094471654
1.0292762179042767
1.0237602468999945
1.0111060184798215
0.9973907220573015
0.9827472691926615
0.9806460906612937
0.9811096184198167
0.9775275103670097
0.9784332602836848
0.9799059271201119
0.983525750314817
0.985368798715778
0.9892274260208861
0.989292058375425
0.9881080433923871
0.9848157054334095
0.9868835421001808
0.9882461970374773
0.9852505605361643
0.9840532122365452
0.9840224101645334
0.9869575554338446
0.9860966500152429
0.9887554803905908
0.9904661932999879
0.9956294182179353
0.9947705188229026
0.9908334315099586
0.9836678524021216
0.9832860679172022
0.9780814341544679
0.9822965008666679
0.9783505796531613
0.9783624793733103
0.976982125971626
0.9810016015396866
1.0017931507276967
0.9944272422590692
1.002156529024911
0.9999098530201629
0.9938148611086219
0.9876096127821232
0.9814693117981776
0.9816252028139547
0.9821492747283894
0.9841124307771453
0.9796521853699278
0.9970291181095994
0.9990072433910153
0.9933598393376208
0.9824003309854373
1.0057956798211967
1.0094405792484542
1.017116871343954
1.0111514026496278
1.0070335534624348
0.9950444759464248
1.0009420618922513
0.9957579026156425
0.9920816676817975
0.9910013751011646
0.9907956673943386
0.9931161801277054
0.9931932805772467
0.9885424823820231
0.9875999686199338
0.983734555096171
0.9823446087766381
0.9821521465795297
0.9824758550684518
0.9830159515243644
0.9830341052652937
0.9800600907978496
0.9843522258185353
0.9975939381889192
0.991064091906983
0.9895317559697072
0.9828965597845439
0.9885418486067536
0.9858943729358117
0.9837548481370605
0.9808112069159651
0.9824843874529825
0.9840551223927274
0.9808033678016859
0.9776720444965522
0.9758869980650609
0.9756955233455428
0.9756557407327804
0.975028154331607
0.9779336475628846
0.9779814061933402
0.9812349769147916
0.9786226943558465
0.9874245130092099
0.9831188994503793
0.9793289297370067
0.990709506879174
0.984710063705137
0.9827996480342093
0.9795462865319841
0.979585492371193
0.9827928561267928
0.9860983756035409
0.9788715734327451
0.9765442676749596
0.9739279948224648
0.9748529160973672
0.9764489409794481
0.9794714003314634
0.9790160381103437
0.9782560781807003
0.978174497022222
0.9829438760829199
0.9807220256317719
0.9811053484620718
0.9784936828002819
0.9752454353333497
0.9847036150069015
0.9784312793577503
0.9770156905869459
0.9738937056830383
0.9774655139294052
0.9938927333727368
0.9853858131548864
0.9873188206944775
0.9848456602426733
0.9853396691708053
0.9838754917865714
0.9839292064336056
0.9825389759205913
0.9829755120419036
0.9847223382775877
0.9928828757327849
0.987371524438606
0.98492310968435
0.9756817175594954
0.9852413046474006
0.9788708816331202
0.9762526194320403
0.9736443935896563
0.973674528026151
0.9766833502874307
0.9813056004254364
0.9777816646361039
0.9759938641584909
0.9751561664034809
0.9767137214885712
0.9776804707150298
0.9768474195083431
0.9759167030568396
0.9746430900660169
0.9764171668908408
0.9863312232487822
0.9816165091483743
0.9810939009456234
0.9779349167218334
0.9784543162139979
0.9746032338280127
0.974210480609355
0.9714129216732327
0.9706194549262491
0.9746483623416331
0.9796510662233573
0.9831054020779807
0.9799902052530322
0.9784953296719727
0.9822006313844784
0.9794854330773283
0.9782228215889565
0.9777454034986897
0.9776169507167212
0.9782633989418902
0.9783571020878292
0.9780640779860296
0.9795263786375682
0.9793482421712093
0.9770799648782748
0.9762981728681761
0.9796345231223796
0.9782849859632509
0.9751125366185966
0.9764651159304669
0.9751643737416509
0.9847554725862522
0.9809238435824977
0.9838501327383519
0.9822729772765046
0.9820524736244923
0.9802749642158894
0.9807446054709795
0.981419321696248
0.981288715442743
0.9799937367082401
0.9776046033056371
0.9830249154272903
0.9870560161180243
0.986039047017324
0.9845992723300644
0.9801256801487915
0.9884244927651614
0.9829548647558468
0.979205007036128
0.9783652828247184
0.9789132304033769
0.9810496718298122
0.9753922215355345
0.9731244023957369
0.974257470294252
0.9744489422454324
0.9737407834388864
0.974977707686709
0.9749155618461945
0.9758006666851703
0.9744706642971724
0.9835437529065806
0.9889537471780993
0.9852861849688211
0.984818469639081
0.978953940024607
0.9850287839251327
0.9800870934435324
0.978772892390403
0.9801225057291517
0.9836698477221204
0.9909841226687537
0.9897868751140222
0.9828323338274623
0.9862861822640454
0.9856024418944638
0.9859578563529522
0.9863450187720055
0.9881590316372614
0.9876756930140299
0.9881403102475944
0.9885264206899084
0.9886165241924278
0.9867051437529057
0.9857081938234059
0.982739491153372
0.9910448730419135
0.9880912155938649
0.9848066626908228
0.9846126829509717
0.9845383665249913
0.996895584064971
0.9891180732481153
0.9853096504033908
0.9852088820887711
0.9827056877195814
0.9822465203878262
0.9829203850973331
0.9816222410245751
0.9816803714704853
0.9811438991403019
0.9930772624282767
0.9885631924658775
0.9884889408734557
0.9872186999094303
0.991794272535413
0.9863935861542104
0.9818260931408586
0.981251634459181
0.9783584079144483
0.9839175543513071
0.9769661336922225
0.9741766850769082
0.9733006505258998
0.9726133305396348
0.9735560935052384
0.9746942263606286
0.9750728912810953
0.9740039076481216
0.9761140180644649
0.9807924934862882
0.9787200215968503
0.9784279330555371
0.98401883751548
0.9805652222250557
0.9762462264227519
0.969180499735776
0.9747784078008928
0.9805898252903429
0.978482335425688
0.9793834096731541
0.9786653207180552
0.9779128899219462
0.977722456138014
0.9781513536688109
0.978681755358452
0.9856413176183829
0.9872953020010968
0.9824018375266185
0.9824793332613339
0.9813072584018621
0.9802490488320482
0.9799492608083359
0.9760740779908446
0.974188138103553
0.9762728394009416
0.9777235649027147
0.979920306117003
0.9779377041529866
0.9782450956220007
0.9798216107167
0.9777947825550679
0.9773059950451848
0.9797887088572895
0.9790745648949439
0.9793651814898753
0.9795019851699132
0.9839651334958375
0.9872630420984428
0.9830764857407271
0.9821573115635388
0.9800783084977042
0.9855776001426164
0.9805097426269913
0.9780617359597108
0.9784581242436005
0.977899917427396
0.9845147976454798
0.9869847468846422
0.9842304055000394
0.9852786884212734
0.9852742090109775
0.9850321741642712
0.9843662037790878
0.9852530234330522
0.9867489341479986
0.9851037256043551
0.9845115507043658
0.98508246452303
0.9835818079574641
0.9830799944144573
0.9851640831192019
0.9829299739160416
0.9815837847556643
0.9873228368520941
0.9840357675976034
0.9828872504951576
0.9827726097018967
0.9852134371231323
0.9854374039966448
0.9804651594679004
0.9789425308385497
0.9789492410414944
0.97866464010037
0.9774493860489812
0.9774490464684367
0.9776962561427951
0.9799685399699574
0.9828026192620036
0.9793173745911351
0.9804151091815111
0.9775322197647945
0.9850751202774966
0.9793225289169644
0.9753166370602049
0.9766851366755623
0.9762795083774484
0.9849557148899412
0.9769711416538995
0.9748554551128378
0.9760101949441455
0.9760546179424584
0.975536900594194
0.9765539440804285
0.9784665038014105
0.9777556586162497
0.9825947747319138
0.9844516079363994
0.980170806302104
0.9782993043646507
0.9726564710159622
0.9711557010232442
0.9674606929768916
0.9673244676682575
0.9796388242564785
0.9728060998217299
0.9735251875582993
0.9731243606999935
0.972777184402084
0.9722619974714718
0.9723610831978302
0.9732611370825354
0.976377810071251
0.9800216038595745
0.9792074497991252
0.9778339127884039
0.9735024312152856
0.9776280905910348
0.9755575206250232
0.9710309850307138
0.9695020082590038
0.9826128883039601
0.9824203787315565
0.9809814777938475
0.9820354283761272
0.9813786861404719
0.9788769921848168
0.977737830281782
0.9768927591495594
0.9808510293461746
0.9889157534849047
0.9809855922696591
0.9819841985770559
0.9760331106196108
0.976745685535149
0.9747166713399715
0.9674254535340135
0.9660254791169467
0.9705117369441173
0.963510453740943
0.9622350407475758
0.9630650387641189
0.9624623598064155
0.9627570912894883
0.9629578361131391
0.965757120880441
0.9669668224887951
0.9803023375116576
0.9754257733625472
0.9758493112585107
0.9774184431724919
0.9858971629372096
0.9825544178765949
0.9794545720608144
0.9804041100414067
0.9809625553567322
0.9820001812944459
0.9814229422854794
0.9800490376840121
0.9793519990155827
0.9798119535890141
0.9796597319804097
0.980702957048463
0.9895132655919349
0.9849186333163827
0.9849464248271496
0.9808775991731035
0.9874246839191861
0.9816406000950042
0.9758548929362018
0.9804637647445325
0.9975327869979386
0.9895384395259228
0.9903565751306007
0.9902319632265327
0.9880904420102232
0.9863361817970154
0.9857288981877654
0.9831975078634325
0.9858271893540611
0.9900000931508928
0.9855080950366939
0.9835319699989612
0.9910859290935754
0.9852478232638675
0.9809975731408197
0.980235804329867
0.9841556665364198
0.9797065589595548
0.9787378323519665
0.9809716224587888
0.9813923213320529
0.9803561402909875
0.9786262373156746
0.9784817007456986
0.9764329647821871
0.9827746648056608
0.9864098278246485
0.9812025435052253
0.9774410438896926
0.9897700168837243
0.985539210691087
0.9794759455903447
0.9809750746179421
0.9987989980321564
0.9922774060868675
0.9916639879656711
0.9903746205238698
0.9873896145961303
0.9856091237908342
0.9839996538108945
0.9821862656888869
0.9808235564456596
0.9800824208275281
0.9857795361416545
0.9891020553124357
0.9834116830140839
0.9781431904547356
0.9911295243672144
0.9856768734063206
0.9797388015046061
0.9844617145647622
0.998423495038677
0.9925557656488891
0.9898717098757269
0.991588388384185
0.9859185931840506
0.9830381028954375
0.9835389498318949
0.9825108086470795
0.9831283988620337
0.9919014427571065
0.9857481117675857
0.9857227771783897
0.9796271409710292
0.9879343162534
0.9835421180496745
0.9769844937728862
0.9800250490006679
1.0111798846528144
0.9992059754998363
0.9939505024766326
0.9924634998689058
0.9906170694965464
0.9890395731283115
0.9880904299865442
0.9848831708319815
0.9792510749864415
0.9916219267429353
0.9858076434167636
0.9854746850421612
0.9832675436592294
0.9800870036669699
0.9783591052908759
0.9812945322201752
0.9787685550537062
0.9905779753924278
0.9873540845659111
0.9828754418750159
0.9789347719794598
0.9775366940094249
0.9756149881662292
0.9754078555761282
0.977414033636765
0.9779791687664502
0.9823915593382657
0.9785877182698536
0.981264898943585
0.976271687273072
0.9828454296289795
0.9782395520680868
0.9730837169620387
0.972934350210727
0.9873985177945442
0.9827110152590598
0.9821465055163364
0.9824256627356166
0.9818812753948741
0.9817802599571859
0.9794698286791328
0.9789380772212432
0.9781057474584838
0.9782568458387387
0.9789210219796037
0.979383162996013
0.9828518925813328
0.9796149460127604
0.9886133782589376
0.9814203908461263
0.977846320806087
0.9775963751200721
0.9780408059628887
0.9706805033430381
0.9681091259737219
0.9676363994145767
0.9672283598051301
0.9673221721484565
0.9698223478673025
0.9726218444041707
0.9721547070210438
0.970359504184689
0.9778201601260065
0.9771910167382944
0.978847513154615
0.9765108547130136
0.9827326168345252
0.9788560052422138
0.9729528928639144
0.9721496963672004
0.9760634033168304
0.972870024459322
0.9804404225089812
0.977446882053896
0.9766093905702742
0.9779184992666242
0.9777715636342793
0.9771415944566492
0.9784304330100689
0.9781334926233671
0.9854874398248206
0.9941438215262551
0.9880587627615912
0.9892144845321581
0.9864969054039489
0.9928000005834323
0.9898077177060295
0.9890154023205688
0.9897775582646667
1.0057189266477253
0.9949550916472983
0.9963619561592243
1.0012622081931823
0.9975293729592714
0.9962688907515062
0.9941133055300729
0.9918077586927821
0.9912808409222588
0.9904234721879545
0.9913285136442048
0.9910469440620969
0.9887043308056622
0.9870192591013787
0.9941367529538109
0.9873924037420998
0.9799214697505243
0.9799577784858715
0.9814222774239567
0.983467598895444
0.9799255591274025
0.9765471410852775
0.978890836504365
0.9808816866222972
0.9808492941458276
0.9800566901012698
0.9828710221042164
0.9828974044471684
0.9886323527161832
0.9800858288302543
0.9796360206602706
0.9859482931107105
0.9801786281137139
0.9741105528541351
0.9758286908167036
0.9899406793105783
0.9775648693467496
0.9821622610198439
0.9807090556923362
0.9818529598455092
0.9821647083213474
0.9819362319862847
0.9813764996092105
0.9807130486381862
0.988555953723866
0.9869615027164463
0.9851987466523745
0.9814823399219651
0.9875367296262895
0.9839946329411998
0.9782908930272307
0.9768500088459443
0.9778796992826192
0.9761259106321224
0.9842299967178995
0.9811304267697918
0.9806981552529376
0.9784109221918237
0.981828692685081
0.9779598109782225
0.979274948133223
0.979889681717539
0.9760823041746604
0.9745419269591068
0.9865457867347611
0.9835280250109196
0.9822281673702793
0.9849652351211443
0.9815680233316303
0.9751755474606978
0.9597526843300769
0.9638766594971951
0.9656162547658298
0.968628387823296
0.9689963244821572
0.9704625093139675
0.9711939219217528
0.9712083063248088
0.9702615932890614
0.9774567579690637
0.9837129454713416
0.9792476381106536
0.9762787797771346
0.9755008968463031
0.9822039934409189
0.9777803868908589
0.9759816954261538
0.9744716930578967
0.9727723812543867
0.9693371185812606
0.9668946676810347
0.9653376857441933
0.9658925036490497
0.9675220084231729
0.9686619833619321
0.9685915657966767
0.9651859163355209
0.9684795146852415
0.9736129067946865
0.9693049765810248
0.9684943371144097
0.9724494422922839
0.9719087132346247
0.9691974594734899
0.9680088631622626
0.971824169008061
0.9701731480399874
0.9727269522980445
0.9696814847862644
0.9689605322855015
0.9682133839708711
0.9695910937437514
0.9694637743500251
0.9699836627739895
0.9666149343334361
0.9913789739675448
0.9824269299763944
0.9839332997051298
0.9791474444415116
0.9816439639927665
0.9774312607734422
0.9723086475490096
0.9746659477127636
0.9812404682165501
0.9829468801913638
0.9843534137943254
0.9808412699641716
0.9772742892149338
0.9768438501366404
0.9766202656749209
0.9766041537674515
0.9766262278402057
0.9766954192784151
0.9803112785861675
0.9819682470035503
0.9781290606673835
0.9789520873317297
0.9959898464667624
0.990084998529317
0.9848070314005996
0.9844409187094854
0.9782357382357205
0.9817956002639097
0.9898049207845944
0.9852219604216685
0.9851107807232725
0.9834607736036378
0.9801921760494359
0.9811741092219428
0.9809450710059359
0.983329091874915
0.9873558536953856
0.9885148664947213
0.9867964976607766
0.9841949071521512
0.9946140715302234
0.9872937745835945
0.9824634846911503
0.9853642339678932
1.0227063166260153
1.012188512753644
1.0097879136983379
1.0086372290574095
1.003380224674535
1.0018017716339926
1.0015991932136354
0.9990132802099911
1.0054797865553222
1.0103143516028474
1.0014857124633627
0.9972662114698033
1.0016195648664479
0.9989411857571393
0.994348614456738
0.9878958577382769
0.9839642899365008
0.9865161348867542
0.9891109957298905
0.977868735002478
0.9793649325489487
0.9768666110645313
0.9766191694317533
0.9753315825076712
0.978020796057136
0.9758851490979672
0.9866463767393249
0.9788375363690958
0.9800390266978746
0.9783427276952252
0.9814355765364747
0.9770048605079148
0.975633174691427
0.974871887348124
0.9744260831083509
0.9759534866269763
0.9802677138673773
0.9769038375240752
0.9789550211927721
0.9781406471944806
0.9789178538947222
0.9780659869088921
0.9777861419380846
0.9779210969401949
0.9782818150149736
0.9820434452109391
0.9898533362029803
0.9856043530161532
0.9829317320002673
0.9908729389794274
0.983676401688616
0.981365429444288
0.9778659492295478
0.9764181562844296
0.9920130609302603
0.9877924727029143
0.9826584191328185
0.9807501357695879
0.9806845389734516
0.981739514733999
0.9841311604784431
0.984267441818352
0.9847312190004953
0.9876225877996752
0.9860541736827385
0.9857789722498801
0.9986330162307534
0.9906486137879956
0.9857579800318755
0.98598043077982
0.9858953153858893
1.0138246446589985
1.001422313056919
0.9978466875371912
0.9985564898738108
0.9972304471460546
0.9979964521321046
0.9961864935931832
0.9953905865949548
1.004379921888752
1.0013893291546787
0.9962168861675235
0.9956071674011526
1.0026120773374356
0.9929002830007513
0.9855138077537634
0.9826682583701666
0.9861593727604934
0.9645271131909076
0.9694956523353486
0.9716692067910084
0.973369107390014
0.9766333233282168
0.9762326858531529
0.9775970450281366
0.9788376925437944
0.9805557603256188
0.9891463781919061
0.9831823031686695
0.9807491186034731
0.9874802826039243
0.9803977003048145
0.9745070816941183
0.9769509410489078
0.9741294348122842
0.9696874924897361
0.9699378347966688
0.9661704039829097
0.9662962444953123
0.9666494896957019
0.9668444069656323
0.9686613505051198
0.9697562139651599
0.9737119636688983
0.9686165844351261
0.9680049174089551
0.9676392308248613
0.9757158368972001
0.9742812056906913
0.9713082289865997
0.9694101515014875
0.9748480813763977
0.9769631850622266
0.9766677600772721
0.9757776377089851
0.9744166663276588
0.973826617892901
0.9730560340412663
0.9725022890439878
0.9806832467222776
0.9785606644887017
0.9754328448396851
0.972737861783398
0.977974264708526
0.9770112876707459
0.9730407052416868
0.9721748190665033
0.9688516641711583
0.9756594252326558
0.9734964399651841
0.9714923088012313
0.9706648019959906
0.9706630151128628
0.9722164665356824
0.9721589008496114
0.9707339268641836
0.9744629724637779
0.9801787032521816
0.9736086925662316
0.973651405871842
0.9897036475868419
0.985067742124984
0.9802841159108812
0.977779938028274
0.9802063534150054
0.992417874567714
0.9828803853288991
0.9845925803165545
0.9839791246901298
0.9829382203492277
0.983355217549493
0.9814129363803971
0.9809978483974291
0.9792744094483528
0.9913453590223316
0.9849652791500116
0.9859933500164325
0.9819529294856071
0.9917620867961138
0.985064364526785
0.9810714578359057
0.9823952768229544
0.9821764575877645
0.9963824085079988
0.9872670833758929
0.9932815157798821
0.9921464784555741
0.9902836430205042
0.9888584094975456
0.9876558316193734
0.9853070859867362
0.9867475632661967
0.9997900998950271
0.9941331209222263
0.9905574759649702
0.9902412991260651
0.9923154768471708
0.9881402398378595
0.9836773502665873
0.9847119811287068
1.0014054624602657
0.9922269762030465
0.9909091644448688
0.9906397721061027
0.9902164994315424
0.9891858596127799
0.9895858659981698
0.9875442621022578
0.9872667607334292
0.9885654002999033
0.9996481842775983
0.9938212319692948
0.9949951946168522
0.990086782082992
0.9887827831643566
0.9803303793020159
0.9766454588668122
0.9742330003213229
0.9717294774216104
0.9678498232534786
0.9657822341597818
0.9655395929910031
0.9648702111687772
0.9649801182716842
0.9661528211079194
0.9669372943632711
0.9712785033516282
0.9779092695455734
0.9788584396219288
0.9763068768775587
0.9704708144988374
0.9807034685278389
0.9720439235651707
0.9702742060597818
0.9695249349627582
1.0091165535872406
0.9931132149072849
0.9895597550885327
0.9871133182181014
0.9881387628447759
0.9870507927280971
0.9870392669557908
0.9912441331328778
0.9975692088367485
0.9891840567235172
0.9844456786245946
0.9921454030379121
0.9850977015258315
0.9787474852329698
0.976140249512778
0.9783463102124519
1.019708499065308
1.0024508252261768
1.0009587069911539
0.9954419060161764
0.9930639861848846
0.9908365635009787
0.9891731903966812
0.9880991444912954
0.9879286870340195
0.993383556368969
0.9924086101005016
0.9895481261429964
0.9988305426130537
0.9917808959644815
0.9866534570171901
0.9855659354863029
0.9823934128118246
0.9933265296900402
0.9818659933363428
0.9792925937689051
0.9803511698248748
0.9781291060609345
0.9798601415968734
0.9787469098786946
0.9762774536913249
0.9798530648830058
0.9946955797602057
0.9869379192665515
0.9875924554611948
0.9850507580843284
0.991673269923503
0.9874625625388166
0.9833090922279016
0.9856145766229524
0.9850820335142619
0.985467346273031
0.9839734576215491
0.9812972310478023
0.9830947489186781
0.9834153173074796
0.9812438385658517
0.9818816793529567
0.9824587749005512
0.9926876367687119
0.9873051773917735
0.9846295398908347
0.9837802771621829
0.9887006719561022
0.9817730268088237
0.9766318893040148
0.9791456110663053
0.9939002328585286
0.9868689438652375
0.988977212533298
0.9874084798864523
0.987231095739808
0.9881174454585845
0.9871835475465205
0.9872725834085913
0.9895366087365125
1.0041555289367734
1.0010583998962204
0.9956109587190514
0.9931748918970998
1.0006718716299616
0.9908058076235678
0.9866516475216546
0.9866225972174298
0.9867795086252588
0.9792113482906708
0.9747191122627917
0.9764683075820877
0.9764445473722059
0.976299610784682
0.9773525163360365
0.9784162501266258
