0.137 0.98 -0.023
0.090 1.0 -0.012
0.109 1.0 -0.004
0.125 1.016 0.004
0.145 0.93 -0.074
0.133 1.035 -0.203
0.168 1.156 0.102
0.277 1.023 0.145
0.582 1.23 0.227
0.203 1.098 -0.047
0.023 1.066 0.082
0.055 1.008 0.012
0.043 1.035 0.031
-0.016 1.055 0.004
0.125 0.789 -0.051
0.000 0.977 -0.004
-1.527 1.07 0.203
0.051 1.008 0.316
-0.109 0.941 0.32
-0.168 1.023 0.324
-0.090 0.914 0.395
-0.199 0.961 0.27
-0.160 0.898 0.512
-0.168 1.004 0.219
-0.203 0.996 0.258
-0.043 0.988 0.203
-0.070 1.039 0.09
-0.055 1.008 0.035
-0.113 0.973 -0.027
-0.195 1.121 -0.043
-0.234 1.41 -0.461
-0.559 0.977 -0.715
-0.863 0.469 -0.586
-0.445 1.363 -0.262
0.094 0.289 -0.961
-0.062 0.461 -0.867
-0.027 0.266 -0.891
-0.043 0.234 -1.0
-0.055 0.184 -0.84
-0.020 0.078 -1.039
-0.148 0.211 -0.902
-0.113 0.074 -0.898
-0.172 0.191 -1.078
-0.168 0.121 -0.918
-0.168 0.117 -1.008
-0.148 0.145 -0.887
-0.180 0.152 -0.941
-0.219 0.23 -0.98
-0.168 0.187 -0.859
-0.207 0.234 -0.84
-0.273 0.152 -0.977
-0.355 0.105 -1.148
-0.266 -0.047 -1.0
-0.254 0.02 -0.961
-0.219 0.035 -0.937
-0.168 0.082 -0.957
-0.121 0.129 -0.988
-0.090 0.16 -0.918
-0.086 0.207 -0.988
0.023 0.184 -0.895
-0.043 0.191 -0.977
0.117 0.242 -1.012
0.480 0.219 -0.844
0.281 0.234 -0.855
0.430 0.172 -0.891
0.375 0.141 -0.996
0.453 0.043 -0.805
0.191 0.172 -0.977
0.402 -0.035 -0.668
0.492 -0.211 -0.926
0.297 -0.383 -1.062
0.086 -0.199 -0.984
0.090 0.016 -0.887
-0.176 0.199 -0.824
-0.207 0.258 -0.816
-0.332 0.352 -0.645
-0.121 0.562 -1.07
-0.164 0.48 -0.777
-0.379 0.523 -0.664
-0.211 0.379 -0.66
-0.363 0.613 -0.926
-0.477 0.43 -0.984
-0.234 0.449 -0.824
-0.426 0.574 -1.012
-0.250 0.496 -0.609
-0.445 0.418 -0.824
-0.766 0.602 -0.652
-0.633 0.414 -0.707
-0.473 0.5 -0.641
-0.426 0.469 -0.668
-0.668 0.574 -0.582
-0.609 0.52 -0.566
-0.555 0.488 -0.664
-0.637 0.512 -0.613
-0.566 0.461 -0.6
-0.641 0.484 -0.621
-0.633 0.496 -0.602
-0.605 0.48 -0.633
-0.652 0.48 -0.613
-0.633 0.469 -0.609
-0.652 0.477 -0.602
-0.637 0.461 -0.613
-0.660 0.465 -0.621
-0.691 0.473 -0.559
-0.637 0.449 -0.625
-0.469 0.426 -0.715
-0.125 0.312 -1.0
0.035 0.156 -1.059
0.316 0.129 -0.828
0.434 0.082 -0.898
0.539 0.145 -0.824
0.629 0.156 -0.609
0.703 0.191 -0.582
0.891 0.168 -0.387
0.965 0.055 -0.422
0.883 0.059 -0.316
0.770 0.121 -0.145
.770 -0.051 -0.711
0.395 -0.258 -1.172
0.004 -0.199 -0.984
-0.109 -0.203 -1.043
-0.176 -0.191 -0.949
-0.273 -0.176 -0.93
-0.512 -0.184 -0.836
-0.785 -0.078 -0.672
-0.824 -0.059 -0.539
-0.820 -0.062 -0.562
-0.824 -0.051 -0.578
-0.793 -0.113 -0.652
-0.879 1.27 -0.168
-0.156 0.93 -0.039
0.004 1.117 -0.047
-0.395 0.82 -0.703
-0.664 0.562 -1.234
-0.500 0.012 -1.133
-0.156 0.121 -0.848
-0.062 0.258 -0.961
-0.148 0.195 -0.965
0.152 0.207 -0.937
-0.187 0.246 -0.969
-0.121 0.195 -0.949
-0.062 0.195 -0.953
-0.059 0.207 -0.937
-0.004 0.215 -0.937
0.051 0.273 -0.949
0.109 0.375 -0.988
0.125 0.352 -0.898
0.211 0.387 -0.875
0.184 0.453 -0.848
0.191 0.437 -0.84
0.242 0.488 -0.812
0.195 0.461 -0.824
0.207 0.496 -0.84
0.172 0.48 -0.832
0.180 0.48 -0.848
0.148 0.434 -0.832
0.023 -0.152 -0.895
-0.039 -0.648 -1.102
0.633 -0.238 -1.527
0.437 0.133 -1.203
0.367 0.457 -0.883
-0.082 0.039 -0.793
-0.641 -0.289 -1.117
-0.402 -0.168 -0.887
-0.129 0.145 -0.992
-0.180 -0.066 -0.875
-0.281 -0.051 -0.926
-0.090 0.031 -1.059
-0.039 0.074 -1.105
-0.340 -0.105 -1.047
-0.180 -0.023 -0.922
-0.074 0.07 -0.949
-0.160 0.102 -0.969
-0.113 0.094 -0.918
0.039 0.184 -0.973
0.090 0.172 -0.988
0.086 0.187 -0.937
0.141 0.281 -1.0
0.148 0.25 -0.934
0.129 0.297 -0.949
0.102 0.301 -0.926
0.094 0.285 -0.906
0.105 0.289 -0.906
0.160 0.309 -0.922
-0.156 0.387 -1.047
0.141 0.289 -0.926
0.141 0.281 -0.902
0.113 0.324 -0.949
0.133 0.332 -0.922
0.109 0.262 -0.918
0.148 0.277 -0.906
0.129 0.309 -0.93
0.121 0.293 -0.918
0.133 0.309 -0.906
0.109 0.297 -0.91
0.090 0.305 -0.902
0.180 0.297 -0.91
0.176 0.211 -0.891
0.121 0.297 -0.941
0.227 0.277 -0.914
0.168 0.293 -0.996
0.187 0.254 -0.926
0.199 0.285 -0.898
0.195 0.266 -0.953
0.160 0.234 -0.941
0.137 0.227 -0.945
0.105 0.238 -0.945
0.168 0.23 -0.953
0.062 0.207 -0.949
0.137 0.246 -0.91
0.113 0.246 -0.922
0.129 0.254 -0.937
0.121 0.262 -0.941
0.141 0.258 -0.926
0.125 0.254 -0.949
0.125 0.289 -0.93
0.125 0.285 -0.961
0.152 0.242 -0.914
0.160 0.273 -0.937
0.141 0.258 -0.922
0.137 0.285 -0.965
0.117 0.238 -0.953
0.133 0.258 -0.953
0.160 0.266 -0.926
0.191 0.254 -0.98
0.168 0.266 -0.902
0.145 0.262 -0.949
0.109 0.254 -0.949
0.137 0.238 -0.973
0.164 0.258 -0.0
0.148 0.262 -0.937
0.164 0.219 -0.914
0.129 0.242 -0.949
0.125 0.277 -0.934
0.141 0.293 -0.91
0.086 0.246 -0.926
0.137 0.27 -0.934
0.102 0.246 -0.945
0.125 0.246 -0.941
0.117 0.246 -0.934
0.117 0.25 -0.93
0.125 0.254 -0.93
0.113 0.246 -0.941
0.121 0.254 -0.945
0.113 0.25 -0.961
0.113 0.238 -0.926
0.148 0.262 -0.965
0.164 0.25 -0.93
0.133 0.242 -0.918
0.187 0.242 -0.914
0.242 0.23 -0.965
0.168 0.199 -0.973
0.281 0.219 -0.883
0.258 0.23 -0.941
0.211 0.18 -0.937
0.242 0.207 -0.93
0.254 0.223 -0.922
0.254 0.234 -0.934
0.219 0.184 -0.93
0.258 0.211 -0.937
0.211 0.219 -0.961
0.285 0.23 -0.883
0.199 0.242 -0.898
0.191 0.234 -0.93
0.176 0.227 -0.937
0.195 0.203 -0.945
0.172 0.219 -0.937
0.172 0.211 -0.93
0.168 0.23 -0.922
0.184 0.227 -0.949
0.207 0.187 -0.926
0.172 0.203 -0.93
0.168 0.203 -0.945
0.164 0.215 -0.937
0.168 0.207 -0.945
0.152 0.187 -0.941
0.164 0.203 -0.934
0.160 0.207 -0.941
0.156 0.203 -0.941
0.195 0.273 -0.965
0.164 0.195 -0.941
0.187 0.23 -0.937
0.160 0.195 -0.934
0.187 0.23 -0.957
0.199 0.219 -0.937
0.172 0.227 -0.941
0.176 0.223 -0.945
0.176 0.219 -0.922
0.195 0.23 -0.918
0.199 0.246 -0.949
0.191 0.23 -0.941
0.160 0.215 -0.926
0.164 0.223 -0.945
0.238 0.273 -0.926
0.117 0.227 -0.988
0.187 0.219 -0.922
0.195 0.23 -0.965
0.160 0.199 -0.965
0.180 0.215 -0.914
0.195 0.172 -0.98
0.145 0.148 -0.898
0.223 0.191 -0.934
0.191 0.172 -0.957
0.184 0.168 -0.945
0.223 0.176 -0.941
0.191 0.191 -0.941
0.223 0.191 -0.934
0.223 0.156 -0.914
0.199 0.187 -0.937
0.230 0.207 -0.953
0.211 0.254 -0.941
0.234 0.215 -0.91
0.227 0.297 -0.934
0.195 0.238 -0.859
0.246 0.305 -0.91
.250 0.27 -0.898
0.254 0.234 -0.918
0.246 0.238 -0.93
0.230 0.23 -0.922
0.238 0.234 -0.934
0.234 0.211 -0.953
0.250 0.203 -0.914
0.215 0.195 -0.914
0.230 0.191 -0.922
0.207 0.195 -0.937
0.219 0.176 -0.93
0.223 0.203 -0.945
0.215 0.187 -0.93
0.238 0.152 -0.941
0.246 0.16 -0.926
0.223 0.129 -0.965
0.098 0.113 -1.02
0.145 0.133 -0.867
0.102 0.219 -1.094
0.148 0.203 -0.891
0.059 0.184 -0.941
0.125 0.531 -1.051
0.125 0.223 -0.848
0.141 0.234 -0.836
0.148 0.273 -0.922
0.184 0.32 -0.945
0.133 0.305 -0.887
0.156 0.332 -0.934
0.125 0.32 -0.953
0.090 0.305 -0.898
0.066 0.34 -0.937
0.066 0.32 -0.926
0.035 0.312 -0.922
0.012 0.344 -0.922
0.008 0.336 -0.934
-0.047 0.363 -0.934
-0.074 0.359 -0.926
-0.113 0.375 -0.926
-0.078 0.375 -0.926
-0.094 0.355 -0.898
-0.109 0.355 -0.918
-0.098 0.352 -0.926
-0.133 0.367 -0.883
-0.102 0.363 -0.949
-0.156 0.246 -1.008
-0.082 0.246 -0.91
-0.082 0.305 -0.996
-0.113 0.219 -0.961
-0.125 0.137 -0.914
-0.082 0.102 -0.969
-0.098 0.043 -1.008
-0.066 -0.012 -0.977
0.023 -0.012 -0.984
0.082 0.051 -0.973
0.211 0.039 -1.0
0.312 0.168 -1.086
0.703 0.293 -0.879
0.633 0.371 -0.066
0.656 0.512 0.305
0.609 0.465 0.578
0.613 0.391 0.715
0.562 0.352 0.684
0.562 0.258 0.762
0.547 0.293 0.785
0.512 0.266 0.797
0.465 0.262 0.824
0.469 0.254 0.82
0.484 0.258 0.797
0.473 0.254 0.797
0.484 0.25 0.801
.434 0.207 0.828
0.469 0.227 0.82
0.559 0.262 0.816
0.480 0.309 0.746
0.582 0.309 0.703
0.406 0.465 0.535
0.633 0.348 0.676
0.543 0.305 0.781
0.629 0.352 0.664
0.570 0.371 0.559
0.652 0.352 0.676
0.629 0.352 0.641
0.641 0.344 0.641
0.645 0.352 0.641
0.652 0.359 0.629
0.648 0.379 0.594
0.660 0.363 0.621
0.668 0.371 0.617
0.652 0.363 0.566
0.684 0.371 0.602
0.695 0.379 0.609
0.664 0.375 0.602
0.676 0.395 0.551
0.711 0.414 0.574
0.773 0.395 0.523
0.691 0.441 0.512
0.695 0.437 0.527
0.703 0.434 0.535
0.641 0.395 0.551
0.664 0.402 0.602
0.648 0.336 0.641
0.648 0.328 0.664
0.637 0.324 0.652
0.605 0.316 0.641
0.668 0.312 0.652
0.633 0.32 0.605
0.707 0.34 0.543
0.797 0.344 0.469
1.324 0.539 -0.168
0.672 0.191 -0.172
0.715 0.203 -0.871
0.359 0.113 -0.91
0.555 0.098 -0.887
-0.059 0.238 -0.805
-0.145 0.293 -0.855
-0.074 0.316 -0.918
-0.180 0.258 -0.93
-0.215 0.195 -0.945
-0.195 0.156 -0.945
-0.324 0.152 -0.937
-0.324 0.125 -0.949
-0.348 -0.098 -0.937
-0.316 -0.117 -0.902
-0.332 -0.133 -0.922
-0.332 -0.164 -0.926
-0.316 -0.18 -0.945
-0.289 -0.184 -0.902
-0.305 -0.203 -0.91
-0.293 -0.234 -0.926
-0.273 -0.207 -0.914
-0.285 -0.211 -0.918
-0.297 -0.215 -0.914
-0.285 -0.211 -0.914
-0.301 -0.211 -0.914
0.297 -0.199 -0.918
-0.301 -0.207 -0.902
-0.316 -0.211 -0.914
-0.316 -0.211 -0.91
-0.312 -0.211 -0.914
-0.316 -0.211 -0.891
-0.328 -0.219 -0.902
-0.328 -0.215 -0.906
-0.340 -0.219 -0.914
-0.324 -0.219 -0.891
-0.344 -0.207 -0.895
-0.348 -0.211 -0.898
-0.344 -0.211 -0.895
-0.348 -0.211 -0.898
-0.363 -0.203 -0.891
-0.352 -0.219 -0.875
-0.359 -0.211 -0.895
-0.359 -0.211 -0.891
-0.367 -0.215 -0.891
-0.379 -0.234 -0.902
-0.367 -0.234 -0.898
-0.293 -0.203 -0.926
-0.324 -0.23 -0.891
-0.297 -0.203 -0.918
-0.297 -0.203 -0.906
-0.312 -0.211 -0.91
-0.305 -0.199 -0.91
-0.305 -0.199 -0.914
-0.312 -0.195 -0.914
-0.316 -0.199 -0.914
-0.316 -0.203 -0.918
-0.320 -0.199 -0.91
-0.301 -0.18 -0.926
-0.301 -0.18 -0.91
-0.309 -0.18 -0.914
-0.316 -0.191 -0.918
-0.320 -0.191 -0.902
-0.316 -0.191 -0.91
-0.324 -0.187 -0.91
-0.320 -0.195 -0.914
-0.328 -0.195 -0.91
-0.324 -0.184 -0.902
-0.320 -0.199 -0.918
-0.324 -0.184 -0.91
-0.324 -0.195 -0.91
-0.324 -0.187 -0.902
-0.320 -0.199 -0.914
-0.324 -0.187 -0.914
-0.324 -0.191 -0.91
-0.324 -0.191 -0.91
-0.309 -0.191 -0.906
-0.312 -0.18 -0.914
-0.320 -0.191 -0.918
-0.320 -0.184 -0.902
-0.312 -0.191 -0.91
-0.312 -0.187 -0.91
-0.367 -0.203 -0.93
-0.207 -0.109 -0.902
-0.277 -0.082 -0.953
-0.082 -0.098 -1.227
-0.270 -0.031 -1.148
-0.301 -0.023 -1.16
-0.086 0.129 -0.875
-0.020 0.129 -0.84
-0.035 0.211 -0.762
-0.109 0.187 -0.887
-0.102 0.246 -0.863
-0.113 0.203 -0.883
-0.035 0.102 -1.059
-0.055 -0.254 -0.715
-0.242 0.113 -0.883
-0.379 0.426 -1.391
-0.137 0.355 -1.055
0.211 0.387 -0.898
0.289 0.363 -0.762
0.328 0.359 -0.773
0.586 0.516 -0.594
0.797 0.805 -0.613
0.484 0.66 -0.355
0.496 0.301 -0.855
0.965 0.602 -0.27
0.859 0.598 -0.312
0.770 0.469 -0.418
0.742 0.762 -0.141
0.594 0.527 -0.324
0.883 0.414 -0.164
0.715 0.566 -0.262
0.793 0.539 -0.277
0.812 0.535 -0.336
0.734 0.297 -0.52
0.695 0.117 -0.645
0.559 0.012 -0.746
0.613 -0.059 -0.754
1.418 0.141 -0.539
0.801 0.176 -0.582
.816 0.152 -0.547
0.762 0.145 -0.586
0.781 0.199 -0.555
0.707 0.145 -0.578
0.824 0.207 -0.555
0.785 0.156 -0.59
0.770 0.156 -0.574
0.797 0.16 -0.543
0.832 0.039 -0.574
0.805 0.184 -0.559
0.812 0.316 -0.551
0.828 0.078 -0.535
0.426 0.344 -0.719
0.637 0.121 -0.512
0.789 0.301 -0.336
1.055 0.363 -0.102
0.937 0.41 -0.059
0.941 0.289 -0.156
1.047 0.145 -0.129
0.984 0.121 -0.047
1.219 0.016 -0.133
1.000 -0.055 -0.109
.973 -0.086 -0.164
1.121 -0.207 -0.109
1.012 -0.336 -0.176
0.703 -0.242 -0.094
0.602 -0.152 -0.02
1.187 -0.684 0.008
0.852 -0.848 -0.078
0.848 -0.641 -0.109
0.711 -0.645 -0.129
0.578 -0.66 -0.113
0.609 -0.602 -0.082
0.555 -0.613 -0.125
0.652 -0.695 -0.113
0.652 -0.73 -0.117
0.629 -0.691 -0.117
0.668 -0.715 -0.133
0.637 -0.75 -0.145
0.672 -0.758 -0.117
0.676 -0.734 -0.109
0.691 -0.754 -0.102
0.668 -0.723 -0.105
0.641 -0.727 -0.117
0.625 -0.707 -0.125
0.680 -0.73 -0.141
0.668 -0.734 -0.137
0.633 -0.703 -0.133
0.645 -0.715 -0.133
0.645 -0.73 -0.137
0.656 -0.762 -0.148
0.691 -0.676 -0.145
0.711 -0.711 -0.141
0.668 -0.738 -0.156
0.762 -0.703 -0.148
0.656 -0.727 -0.117
0.594 -0.734 -0.117
0.574 -0.699 -0.117
0.605 -0.758 -0.137
0.574 -0.703 -0.184
0.656 -0.766 -0.18
0.586 -0.715 -0.164
0.641 -0.719 -0.172
0.590 -0.738 -0.187
0.629 -0.785 -0.176
0.785 -0.879 -0.273
0.625 -0.625 -0.258
0.781 -0.711 -0.223
0.789 -0.543 -0.195
0.805 -0.434 -0.184
0.836 -0.352 -0.184
0.820 -0.371 -0.191
0.895 -0.355 -0.199
0.953 -0.219 -0.137
0.973 -0.047 -0.242
0.867 -0.223 -0.27
1.117 -0.254 -0.242
0.824 -0.527 -0.285
0.797 -0.445 -0.211
0.797 -0.074 -0.348
1.184 -0.211 -0.301
0.852 -0.59 -0.141
1.070 -0.012 -0.227
0.871 -0.332 -0.191
0.902 -0.234 -0.254
0.785 -0.305 -0.238
1.008 -0.109 -0.309
0.855 -0.223 -0.332
0.875 -0.227 -0.309
0.902 -0.199 -0.328
0.910 -0.16 -0.352
0.926 -0.227 -0.352
0.906 -0.227 -0.34
0.832 -0.246 -0.367
0.871 -0.301 -0.328
0.848 -0.312 -0.277
0.898 -0.219 -0.289
0.914 -0.293 -0.199
0.922 -0.289 -0.195
0.934 -0.266 -0.184
0.934 -0.234 -0.199
0.914 -0.184 -0.184
0.969 -0.277 -0.199
1.070 -0.344 -0.117
0.848 -0.297 -0.223
0.891 -0.34 -0.199
0.793 -0.383 -0.254
0.973 -0.266 -0.273
0.887 -0.234 -0.281
0.906 -0.18 -0.27
0.883 -0.18 -0.305
0.922 -0.25 -0.293
0.902 -0.32 -0.289
0.871 -0.234 -0.293
0.879 -0.277 -0.215
0.879 -0.332 -0.187
0.922 -0.242 -0.199
0.922 -0.262 -0.18
0.914 -0.242 -0.211
0.969 -0.184 -0.203
0.930 -0.211 -0.219
.973 -0.191 -0.211
0.906 -0.148 -0.254
0.996 -0.344 -0.215
0.875 -0.258 -0.227
0.852 -0.352 -0.191
1.055 -0.18 -0.273
0.855 -0.207 -0.285
0.902 -0.164 -0.297
0.879 -0.156 -0.316
0.910 -0.18 -0.316
0.937 -0.152 -0.359
0.937 -0.199 -0.348
0.785 -0.309 -0.332
0.871 -0.258 -0.289
0.859 -0.293 -0.273
0.922 -0.262 -0.223
0.926 -0.266 -0.238
0.961 -0.234 -0.203
0.922 -0.207 -0.238
0.926 -0.187 -0.223
0.926 -0.215 -0.227
0.957 -0.293 -0.246
0.902 -0.262 -0.191
0.902 -0.316 -0.238
0.871 -0.309 -0.23
0.859 -0.336 -0.195
1.020 -0.184 -0.301
0.828 -0.219 -0.324
0.887 -0.223 -0.301
0.867 -0.199 -0.312
0.926 -0.219 -0.348
1.051 -0.363 -0.324
0.781 -0.328 -0.305
0.934 -0.305 -0.219
0.887 -0.289 -0.227
0.926 -0.297 -0.187
0.922 -0.223 -0.199
0.926 -0.277 -0.187
0.906 -0.27 -0.211
0.945 -0.184 -0.219
0.945 -0.281 -0.18
1.027 -0.27 -0.164
0.867 -0.254 -0.23
0.883 -0.305 -0.223
0.812 -0.293 -0.187
1.012 -0.191 -0.328
0.820 -0.273 -0.301
0.883 -0.16 -0.312
0.867 -0.203 -0.324
0.887 -0.254 -0.312
0.922 -0.199 -0.352
0.910 -0.367 -0.305
0.852 -0.281 -0.289
0.867 -0.344 -0.219
0.898 -0.277 -0.227
0.937 -0.262 -0.195
0.934 -0.262 -0.184
0.914 -0.23 -0.223
0.922 -0.195 -0.215
0.906 -0.23 -0.227
0.941 -0.238 -0.215
1.012 -0.336 -0.203
0.867 -0.262 -0.23
0.906 -0.289 -0.219
0.863 -0.352 -0.164
0.910 -0.258 -0.27
0.852 -0.254 -0.293
0.898 -0.246 -0.273
0.863 -0.219 -0.312
0.883 -0.223 -0.312
0.937 -0.223 -0.32
0.930 -0.316 -0.309
0.922 -0.359 -0.238
0.863 -0.25 -0.305
0.859 -0.371 -0.23
0.949 -0.289 -0.234
0.887 -0.281 -0.203
0.891 -0.336 -0.16
0.922 -0.242 -0.195
0.926 -0.23 -0.207
0.930 -0.242 -0.215
0.918 -0.258 -0.223
0.930 -0.219 -0.195
0.914 -0.324 -0.219
0.895 -0.316 -0.234
0.875 -0.32 -0.207
0.863 -0.324 -0.297
0.934 -0.215 -0.328
0.863 -0.305 -0.305
0.859 -0.234 -0.312
0.891 -0.285 -0.324
0.875 -0.211 -0.34
0.980 -0.328 -0.316
0.832 -0.363 -0.254
0.945 -0.277 -0.238
0.875 -0.34 -0.23
0.918 -0.289 -0.184
0.898 -0.289 -0.191
0.937 -0.238 -0.191
0.934 -0.254 -0.199
0.934 -0.227 -0.191
0.918 -0.215 -0.215
0.902 -0.234 -0.203
0.980 -0.281 -0.191
0.961 -0.309 -0.191
0.906 -0.277 -0.234
0.871 -0.367 -0.219
0.828 -0.387 -0.199
1.008 -0.23 -0.281
0.812 -0.324 -0.312
0.867 -0.211 -0.301
0.898 -0.215 -0.297
0.898 -0.223 -0.336
0.895 -0.34 -0.297
0.820 -0.301 -0.285
0.848 -0.34 -0.262
0.898 -0.332 -0.234
0.910 -0.281 -0.215
0.902 -0.285 -0.199
0.926 -0.273 -0.207
0.918 -0.242 -0.219
0.941 -0.203 -0.207
0.910 -0.207 -0.23
1.016 -0.281 -0.207
0.984 -0.293 -0.184
0.883 -0.227 -0.262
0.902 -0.312 -0.223
0.852 -0.242 -0.25
0.980 -0.223 -0.289
0.855 -0.211 -0.301
0.891 -0.219 -0.301
0.918 -0.227 -0.305
0.934 -0.219 -0.344
0.965 -0.375 -0.246
0.898 -0.281 -0.266
0.824 -0.301 -0.254
0.961 -0.281 -0.199
0.902 -0.316 -0.211
0.937 -0.238 -0.211
0.934 -0.227 -0.238
0.953 -0.23 -0.227
0.937 -0.191 -0.227
0.937 -0.23 -0.234
0.934 -0.219 -0.254
0.918 -0.289 -0.23
0.902 -0.27 -0.223
0.891 -0.332 -0.219
0.863 -0.324 -0.242
1.012 -0.238 -0.27
0.871 -0.281 -0.285
0.875 -0.234 -0.293
0.910 -0.211 -0.305
0.902 -0.168 -0.355
1.020 -0.398 -0.238
0.797 -0.316 -0.309
0.844 -0.344 -0.258
0.914 -0.266 -0.25
0.887 -0.293 -0.211
0.922 -0.254 -0.203
0.930 -0.258 -0.219
0.914 -0.238 -0.215
0.934 -0.211 -0.219
0.926 -0.195 -0.238
1.039 -0.344 -0.199
.883 -0.266 -0.199
0.895 -0.363 -0.207
0.887 -0.367 -0.168
0.965 -0.266 -0.273
0.859 -0.242 -0.27
0.867 -0.191 -0.297
0.898 -0.223 -0.309
0.875 -0.109 -0.352
0.937 -0.391 -0.223
0.812 -0.309 -0.262
0.855 -0.336 -0.227
0.887 -0.312 -0.215
0.902 -0.273 -0.211
0.926 -0.266 -0.195
0.926 -0.262 -0.215
0.918 -0.281 -0.191
0.914 -0.223 -0.207
0.945 -0.242 -0.207
0.965 -0.297 -0.191
0.891 -0.293 -0.195
0.898 -0.309 -0.223
0.945 -0.395 -0.18
0.879 -0.191 -0.293
0.836 -0.293 -0.293
0.828 -0.148 -0.316
0.949 -0.254 -0.312
0.969 -0.187 -0.324
0.848 -0.359 -0.262
0.883 -0.395 -0.203
0.898 -0.293 -0.227
0.906 -0.293 -0.187
0.914 -0.293 -0.176
0.922 -0.297 -0.164
0.918 -0.32 -0.152
1.016 -0.25 -0.137
0.918 -0.375 -0.156
0.844 -0.367 -0.156
0.898 -0.352 -0.191
0.836 -0.449 -0.199
0.895 -0.277 -0.25
0.875 -0.328 -0.285
0.844 -0.266 -0.309
0.867 -0.242 -0.32
0.906 -0.246 -0.336
0.871 -0.355 -0.316
0.895 -0.355 -0.277
0.855 -0.332 -0.277
0.883 -0.363 -0.227
0.922 -0.297 -0.23
0.883 -0.328 -0.172
0.910 -0.301 -0.164
0.961 -0.234 -0.176
0.902 -0.305 -0.195
0.934 -0.23 -0.199
0.941 -0.164 -0.223
0.969 -0.273 -0.211
0.934 -0.387 -0.137
0.863 -0.297 -0.23
0.910 -0.281 -0.199
0.867 -0.367 -0.184
0.977 -0.227 -0.277
0.828 -0.309 -0.289
0.883 -0.23 -0.277
0.898 -0.27 -0.293
0.895 -0.211 -0.316
0.941 -0.387 -0.262
0.906 -0.387 -0.23
0.867 -0.34 -0.219
0.922 -0.324 -0.191
0.898 -0.367 -0.172
0.922 -0.281 -0.191
0.910 -0.297 -0.199
0.934 -0.289 -0.18
0.941 -0.277 -0.203
0.926 -0.199 -0.203
0.930 -0.227 -0.203
0.926 -0.316 -0.156
0.883 -0.34 -0.207
0.902 -0.324 -0.195
0.906 -0.383 -0.211
0.859 -0.379 -0.203
0.902 -0.23 -0.266
0.949 -0.324 -0.293
0.879 -0.215 -0.293
0.887 -0.262 -0.297
0.906 -0.223 -0.305
0.926 -0.254 -0.312
0.879 -0.352 -0.281
0.832 -0.293 -0.297
0.875 -0.332 -0.23
0.918 -0.27 -0.207
0.918 -0.273 -0.187
0.918 -0.215 -0.207
0.930 -0.238 -0.184
0.941 -0.18 -0.207
0.949 -0.242 -0.215
0.949 -0.281 -0.207
0.871 -0.277 -0.238
0.895 -0.375 -0.203
0.867 -0.293 -0.25
0.992 -0.234 -0.293
0.828 -0.262 -0.309
0.859 -0.215 -0.301
0.906 -0.254 -0.309
0.887 -0.207 -0.34
0.965 -0.375 -0.277
0.777 -0.336 -0.297
0.852 -0.359 -0.234
0.922 -0.281 -0.215
0.910 -0.293 -0.199
0.926 -0.211 -0.199
0.930 -0.25 -0.215
0.961 -0.137 -0.23
0.906 -0.258 -0.234
0.988 -0.168 -0.242
0.937 -0.316 -0.168
0.848 -0.344 -0.203
0.859 -0.395 -0.164
0.820 -0.293 -0.285
0.887 -0.215 -0.285
0.855 -0.187 -0.316
0.871 -0.281 -0.309
1.008 -0.281 -0.348
0.785 -0.344 -0.289
0.918 -0.246 -0.242
0.891 -0.312 -0.219
0.906 -0.266 -0.219
0.918 -0.223 -0.207
0.902 -0.293 -0.219
0.934 -0.211 -0.219
0.969 -0.168 -0.219
0.945 -0.289 -0.238
0.910 -0.262 -0.215
0.891 -0.281 -0.238
0.832 -0.375 -0.18
0.949 -0.242 -0.281
0.871 -0.25 -0.301
0.848 -0.223 -0.297
0.883 -0.176 -0.316
1.004 -0.402 -0.266
0.863 -0.371 -0.281
0.883 -0.316 -0.234
0.902 -0.375 -0.176
0.926 -0.234 -0.195
0.902 -0.238 -0.199
0.910 -0.254 -0.203
0.914 -0.27 -0.172
0.977 -0.23 -0.184
0.973 -0.406 -0.18
0.828 -0.285 -0.215
0.887 -0.406 -0.18
0.832 -0.285 -0.258
0.887 -0.305 -0.297
0.875 -0.219 -0.312
0.805 -0.223 -0.32
0.879 -0.184 -0.316
0.895 -0.414 -0.242
0.785 -0.328 -0.273
0.867 -0.332 -0.199
0.891 -0.305 -0.238
0.902 -0.238 -0.211
0.910 -0.234 -0.223
0.910 -0.227 -0.227
0.953 -0.191 -0.207
0.934 -0.191 -0.223
1.055 -0.262 -0.242
0.859 -0.293 -0.187
0.859 -0.418 -0.219
0.887 -0.387 -0.223
1.000 -0.246 -0.293
0.844 -0.305 -0.309
0.879 -0.172 -0.312
0.902 -0.219 -0.344
0.895 -0.215 -0.355
0.879 -0.371 -0.273
0.906 -0.297 -0.207
0.895 -0.297 -0.211
0.906 -0.297 -0.191
0.941 -0.223 -0.184
0.922 -0.262 -0.195
0.941 -0.262 -0.168
1.008 -0.332 -0.187
0.887 -0.25 -0.18
0.883 -0.387 -0.203
0.832 -0.406 -0.164
0.973 -0.254 -0.312
0.809 -0.27 -0.355
0.836 -0.168 -0.34
0.895 -0.352 -0.359
1.012 -0.5 -0.301
0.797 -0.375 -0.227
0.902 -0.375 -0.207
0.918 -0.312 -0.195
0.906 -0.285 -0.18
0.910 -0.25 -0.219
0.934 -0.211 -0.207
0.922 -0.176 -0.191
0.887 -0.445 -0.199
0.969 -0.32 -0.152
0.832 -0.391 -0.199
0.883 -0.301 -0.242
0.984 -0.285 -0.297
0.836 -0.285 -0.281
0.848 -0.262 -0.305
0.891 -0.211 -0.328
0.902 -0.375 -0.305
0.836 -0.324 -0.266
0.863 -0.387 -0.211
0.945 -0.266 -0.207
0.926 -0.281 -0.187
0.918 -0.242 -0.199
0.910 -0.211 -0.227
0.934 -0.16 -0.238
0.910 -0.176 -0.234
0.988 -0.223 -0.262
0.949 -0.348 -0.156
0.852 -0.293 -0.227
0.848 -0.363 -0.18
1.059 -0.211 -0.27
0.852 -0.266 -0.305
0.852 -0.145 -0.312
0.922 -0.211 -0.312
1.055 -0.375 -0.363
0.805 -0.367 -0.277
0.906 -0.328 -0.207
0.902 -0.312 -0.211
0.891 -0.301 -0.18
0.910 -0.281 -0.172
0.922 -0.23 -0.184
0.922 -0.223 -0.172
0.934 -0.148 -0.203
0.918 -0.246 -0.207
1.004 -0.172 -0.223
0.945 -0.352 -0.168
0.844 -0.316 -0.215
0.824 -0.379 -0.184
1.090 -0.125 -0.23
0.859 -0.246 -0.262
0.863 -0.137 -0.289
0.969 -0.18 -0.305
1.055 -0.328 -0.273
0.805 -0.402 -0.25
0.871 -0.332 -0.242
0.949 -0.281 -0.195
0.879 -0.219 -0.207
0.906 -0.234 -0.187
0.949 -0.164 -0.223
0.926 -0.195 -0.223
0.945 -0.207 -0.207
1.012 -0.25 -0.281
0.867 -0.27 -0.172
0.863 -0.434 -0.195
0.816 -0.34 -0.25
1.023 -0.195 -0.25
0.855 -0.27 -0.281
0.840 -0.172 -0.309
0.937 -0.195 -0.324
1.191 -0.555 -0.152
0.742 -0.367 -0.297
0.863 -0.324 -0.191
0.902 -0.289 -0.242
0.910 -0.266 -0.215
0.910 -0.25 -0.238
0.934 -0.18 -0.23
0.910 -0.152 -0.238
0.844 -0.27 -0.258
1.051 -0.344 -0.145
0.820 -0.379 -0.211
0.922 -0.219 -0.258
0.863 -0.32 -0.277
0.859 -0.266 -0.301
0.875 -0.273 -0.289
0.937 -0.219 -0.309
0.871 -0.137 -0.363
0.977 -0.488 -0.191
0.863 -0.324 -0.25
0.859 -0.301 -0.227
0.852 -0.34 -0.203
0.910 -0.266 -0.172
0.898 -0.223 -0.242
0.930 -0.172 -0.23
0.949 -0.234 -0.199
0.930 -0.223 -0.23
0.953 -0.281 -0.258
0.859 -0.336 -0.184
0.879 -0.461 -0.176
0.855 -0.246 -0.258
0.949 -0.355 -0.27
0.828 -0.316 -0.289
0.840 -0.203 -0.32
0.895 -0.156 -0.344
1.023 -0.395 -0.281
0.816 -0.398 -0.227
0.879 -0.367 -0.215
0.910 -0.328 -0.187
0.926 -0.223 -0.215
0.934 -0.195 -0.227
0.891 -0.273 -0.215
0.922 -0.238 -0.203
0.918 -0.227 -0.215
0.930 -0.191 -0.242
0.922 -0.277 -0.211
0.930 -0.246 -0.207
0.937 -0.336 -0.211
0.852 -0.363 -0.199
1.012 -0.25 -0.277
0.820 -0.258 -0.297
0.867 -0.207 -0.305
0.918 -0.141 -0.297
0.898 -0.187 -0.352
0.762 -0.402 -0.25
0.828 -0.363 -0.266
0.887 -0.32 -0.195
0.898 -0.277 -0.211
0.918 -0.27 -0.148
0.949 -0.215 -0.207
0.957 -0.184 -0.227
0.926 -0.148 -0.238
0.902 -0.176 -0.25
0.977 -0.332 -0.207
0.906 -0.281 -0.207
0.902 -0.371 -0.199
0.848 -0.398 -0.176
0.992 -0.156 -0.289
0.828 -0.328 -0.301
0.828 -0.238 -0.305
0.887 -0.223 -0.305
0.926 -0.266 -0.32
0.844 -0.18 -0.375
0.941 -0.414 -0.242
0.855 -0.352 -0.207
0.902 -0.293 -0.195
0.914 -0.348 -0.16
0.934 -0.199 -0.203
0.922 -0.215 -0.215
0.934 -0.266 -0.199
0.922 -0.219 -0.23
1.027 -0.16 -0.203
1.012 -0.352 -0.141
0.855 -0.281 -0.223
0.902 -0.406 -0.152
0.895 -0.254 -0.234
0.977 -0.277 -0.289
0.875 -0.285 -0.273
0.906 -0.215 -0.309
0.918 -0.191 -0.34
1.043 -0.426 -0.297
0.789 -0.293 -0.281
0.937 -0.324 -0.195
0.984 -0.32 -0.18
0.875 -0.344 -0.195
0.945 -0.199 -0.187
0.906 -0.246 -0.254
0.914 -0.211 -0.242
0.937 -0.211 -0.223
0.941 -0.148 -0.238
0.941 -0.266 -0.211
0.926 -0.27 -0.215
0.879 -0.336 -0.215
0.867 -0.383 -0.207
1.008 -0.168 -0.301
0.824 -0.277 -0.301
0.828 -0.191 -0.312
0.906 -0.207 -0.312
0.910 -0.195 -0.355
0.883 -0.402 -0.258
0.840 -0.379 -0.207
0.859 -0.336 -0.195
0.926 -0.328 -0.199
0.957 -0.234 -0.176
0.934 -0.215 -0.207
0.926 -0.219 -0.199
.965 -0.23 -0.195
0.934 -0.223 -0.211
0.937 -0.422 -0.195
0.793 -0.371 -0.184
0.863 -0.41 -0.195
0.977 -0.289 -0.25
0.840 -0.277 -0.262
0.832 -0.227 -0.301
0.930 -0.137 -0.32
0.996 -0.379 -0.379
0.727 -0.309 -0.324
0.934 -0.402 -0.152
0.879 -0.336 -0.219
0.902 -0.375 -0.18
0.941 -0.23 -0.18
0.906 -0.32 -0.191
0.926 -0.238 -0.195
0.930 -0.227 -0.18
0.988 -0.348 -0.203
0.887 -0.363 -0.156
0.883 -0.324 -0.227
0.848 -0.348 -0.227
0.984 -0.109 -0.344
0.832 -0.312 -0.332
0.828 -0.23 -0.332
0.871 -0.234 -0.336
0.883 -0.27 -0.352
0.863 -0.191 -0.371
0.945 -0.336 -0.359
0.848 -0.336 -0.266
0.883 -0.324 -0.262
0.875 -0.273 -0.27
0.965 -0.262 -0.18
0.875 -0.262 -0.219
0.934 -0.273 -0.195
0.941 -0.168 -0.242
0.902 -0.184 -0.18
0.848 -0.391 -0.219
1.047 -0.312 -0.176
0.844 -0.379 -0.23
0.891 -0.258 -0.281
0.922 -0.254 -0.332
0.844 -0.219 -0.371
0.828 -0.137 -0.355
0.687 -0.242 -0.344
0.883 -0.437 -0.199
0.930 -0.242 -0.207
0.906 -0.387 -0.164
0.937 -0.215 -0.148
0.937 -0.23 -0.199
0.930 -0.223 -0.207
0.930 -0.18 -0.215
0.926 -0.133 -0.219
1.000 -0.227 -0.223
0.961 -0.367 -0.191
0.863 -0.293 -0.207
0.852 -0.352 -0.215
0.887 -0.266 -0.281
0.977 -0.246 -0.293
0.828 -0.32 -0.289
0.875 -0.223 -0.32
0.871 -0.227 -0.332
0.867 -0.215 -0.34
0.836 -0.32 -0.27
0.840 -0.367 -0.219
0.879 -0.297 -0.203
0.895 -0.344 -0.156
0.934 -0.262 -0.164
0.926 -0.258 -0.191
0.926 -0.191 -0.207
0.891 -0.164 -0.215
0.898 -0.398 -0.195
0.980 -0.254 -0.16
0.797 -0.418 -0.219
0.895 -0.234 -0.258
0.930 -0.262 -0.301
0.875 -0.262 -0.316
0.852 -0.238 -0.324
0.859 -0.211 -0.363
0.898 -0.281 -0.367
0.848 -0.305 -0.312
0.918 -0.328 -0.215
0.863 -0.293 -0.227
0.902 -0.281 -0.18
0.887 -0.32 -0.184
0.937 -0.238 -0.18
0.918 -0.238 -0.195
0.934 -0.18 -0.215
0.887 -0.184 -0.223
1.172 -0.367 -0.164
0.812 -0.297 -0.223
0.871 -0.473 -0.125
0.859 -0.297 -0.203
0.937 -0.242 -0.277
0.848 -0.277 -0.281
0.836 -0.211 -0.324
0.910 -0.27 -0.309
0.937 -0.289 -0.367
0.891 -0.379 -0.25
0.898 -0.406 -0.16
0.852 -0.359 -0.199
0.891 -0.227 -0.203
0.922 -0.23 -0.207
0.914 -0.25 -0.227
0.926 -0.234 -0.203
0.930 -0.223 -0.199
0.934 -0.187 -0.219
0.969 -0.211 -0.223
0.902 -0.375 -0.207
0.855 -0.34 -0.191
0.852 -0.465 -0.18
1.125 -0.168 -0.258
0.844 -0.293 -0.262
0.867 -0.195 -0.281
0.898 -0.25 -0.305
0.828 -0.215 -0.328
0.879 -0.465 -0.215
0.988 -0.387 -0.137
0.855 -0.332 -0.203
0.887 -0.402 -0.141
0.898 -0.328 -0.145
0.902 -0.242 -0.16
0.922 -0.32 -0.172
0.937 -0.23 -0.164
0.957 -0.246 -0.195
0.984 -0.223 -0.195
0.945 -0.281 -0.168
0.852 -0.414 -0.207
0.859 -0.375 -0.199
1.031 -0.242 -0.293
0.809 -0.285 -0.316
0.852 -0.184 -0.336
0.930 -0.195 -0.355
1.191 -0.703 -0.191
0.766 -0.414 -0.254
0.898 -0.359 -0.191
0.914 -0.352 -0.187
0.914 -0.262 -0.0
0.926 -0.277 -0.195
0.953 -0.223 -0.203
0.930 -0.18 -0.223
1.000 -0.309 -0.223
1.004 -0.293 -0.164
0.828 -0.293 -0.25
0.824 -0.457 -0.156
0.988 -0.16 -0.301
0.895 -0.191 -0.328
0.867 -0.219 -0.316
0.832 -0.191 -0.352
0.875 -0.156 -0.32
0.926 -0.187 -0.363
0.891 -0.328 -0.359
0.742 -0.332 -0.297
0.934 -0.277 -0.199
0.891 -0.285 -0.176
0.930 -0.203 -0.207
0.914 -0.195 -0.23
0.965 -0.18 -0.215
0.930 -0.215 -0.0
1.000 -0.391 -0.211
0.832 -0.27 -0.215
0.887 -0.391 -0.211
0.891 -0.293 -0.211
0.941 -0.262 -0.266
0.820 -0.359 -0.262
0.895 -0.223 -0.273
0.898 -0.219 -0.285
0.898 -0.215 -0.297
0.918 -0.172 -0.332
0.930 -0.242 -0.352
0.832 -0.359 -0.262
0.883 -0.418 -0.211
0.922 -0.207 -0.219
0.902 -0.332 -0.223
0.926 -0.211 -0.195
0.926 -0.238 -0.191
0.937 -0.211 -0.191
0.941 -0.18 -0.215
0.984 -0.187 -0.191
0.988 -0.383 -0.133
0.852 -0.34 -0.219
0.852 -0.395 -0.18
1.023 -0.191 -0.25
0.812 -0.312 -0.273
0.887 -0.234 -0.277
0.855 -0.25 -0.309
0.887 -0.176 -0.328
1.008 -0.523 -0.168
0.887 -0.254 -0.207
0.848 -0.332 -0.195
0.848 -0.418 -0.176
0.934 -0.25 -0.16
0.937 -0.262 -0.195
0.980 -0.148 -0.184
0.941 -0.219 -0.195
0.945 -0.215 -0.199
0.941 -0.336 -0.187
0.883 -0.352 -0.195
0.871 -0.41 -0.199
1.082 -0.164 -0.27
0.805 -0.336 -0.262
0.871 -0.211 -0.273
0.918 -0.191 -0.312
0.898 -0.258 -0.312
1.148 -0.555 -0.215
0.762 -0.332 -0.281
0.875 -0.363 -0.168
0.918 -0.371 -0.176
0.930 -0.281 -0.156
0.937 -0.32 -0.176
0.918 -0.281 -0.187
0.941 -0.242 -0.176
1.027 -0.316 -0.207
0.906 -0.312 -0.16
0.844 -0.363 -0.219
0.859 -0.457 -0.18
1.012 -0.223 -0.277
0.785 -0.324 -0.285
0.840 -0.152 -0.32
0.879 -0.195 -0.316
0.914 -0.258 -0.375
0.719 -0.207 -0.0
0.867 -0.52 -0.129
0.934 -0.289 -0.176
0.902 -0.371 -0.172
0.965 -0.246 -0.164
0.918 -0.262 -0.184
0.937 -0.258 -0.195
0.945 -0.242 -0.176
0.934 -0.289 -0.199
1.016 -0.281 -0.211
.848 -0.312 -0.191
0.883 -0.246 -0.273
0.965 -0.281 -0.32
0.789 -0.32 -0.32
0.820 -0.27 -0.305
0.926 -0.219 -0.312
0.855 -0.152 -0.375
0.766 -0.457 -0.246
0.887 -0.352 -0.187
0.848 -0.324 -0.195
0.875 -0.379 -0.164
0.914 -0.281 -0.164
0.910 -0.25 -0.219
0.945 -0.203 -0.199
0.922 -0.277 -0.187
0.969 -0.195 -0.223
0.848 -0.301 -0.18
0.848 -0.402 -0.211
0.887 -0.293 -0.238
0.980 -0.285 -0.273
0.863 -0.309 -0.285
0.855 -0.219 -0.328
0.852 -0.254 -0.336
0.918 -0.309 -0.348
0.906 -0.336 -0.25
0.867 -0.398 -0.195
0.895 -0.312 -0.191
0.914 -0.223 -0.195
0.906 -0.254 -0.227
0.922 -0.219 -0.184
0.926 -0.172 -0.219
0.973 -0.371 -0.211
0.891 -0.305 -0.172
0.824 -0.426 -0.176
0.871 -0.305 -0.207
0.941 -0.34 -0.246
0.887 -0.273 -0.273
0.852 -0.223 -0.309
0.875 -0.273 -0.297
0.859 -0.148 -0.34
0.867 -0.543 -0.207
0.863 -0.359 -0.18
0.883 -0.301 -0.187
0.891 -0.312 -0.187
0.914 -0.27 -0.184
0.922 -0.312 -0.168
0.926 -0.227 -0.187
0.902 -0.227 -0.223
0.965 -0.184 -0.242
0.969 -0.344 -0.137
0.832 -0.293 -0.215
0.852 -0.461 -0.102
1.098 -0.254 -0.23
0.859 -0.277 -0.258
0.863 -0.219 -0.277
0.875 -0.242 -0.289
0.918 -0.266 -0.309
1.008 -0.402 -0.254
0.777 -0.324 -0.281
0.902 -0.402 -0.168
0.910 -0.316 -0.168
0.914 -0.289 -0.164
0.941 -0.234 -0.187
0.906 -0.258 -0.195
0.930 -0.223 -0.199
0.910 -0.211 -0.23
1.016 -0.391 -0.227
0.848 -0.316 -0.172
0.883 -0.437 -0.148
0.840 -0.367 -0.215
1.016 -0.305 -0.25
0.824 -0.312 -0.258
0.887 -0.168 -0.266
0.926 -0.219 -0.293
0.902 -0.242 -0.297
1.051 -0.332 -0.285
0.754 -0.402 -0.27
0.965 -0.391 -0.16
0.926 -0.234 -0.223
0.883 -0.336 -0.227
0.922 -0.242 -0.203
0.926 -0.207 -0.227
0.910 -0.246 -0.191
0.941 -0.293 -0.176
1.043 -0.383 -0.207
0.855 -0.34 -0.18
0.836 -0.418 -0.195
0.906 -0.281 -0.273
0.910 -0.328 -0.301
0.848 -0.289 -0.305
0.852 -0.242 -0.312
0.914 -0.211 -0.332
1.031 -0.477 -0.273
0.758 -0.426 -0.234
0.906 -0.301 -0.211
0.906 -0.34 -0.199
0.918 -0.316 -0.172
0.922 -0.285 -0.164
0.941 -0.266 -0.176
0.910 -0.266 -0.191
0.934 -0.262 -0.168
0.965 -0.195 -0.184
1.023 -0.398 -0.168
0.859 -0.324 -0.18
0.879 -0.445 -0.207
0.859 -0.281 -0.262
0.871 -0.328 -0.293
0.793 -0.262 -0.324
0.852 -0.223 -0.328
0.863 -0.199 -0.344
0.793 -0.441 -0.27
0.812 -0.414 -0.18
0.848 -0.371 -0.191
0.867 -0.367 -0.203
0.898 -0.277 -0.187
0.902 -0.293 -0.184
0.922 -0.258 -0.199
0.930 -0.23 -0.18
0.965 -0.254 -0.184
0.988 -0.254 -0.223
0.922 -0.316 -0.164
0.852 -0.34 -0.25
0.820 -0.344 -0.203
1.004 -0.297 -0.277
0.781 -0.293 -0.297
0.871 -0.141 -0.359
0.875 -0.184 -0.355
1.234 -0.656 -0.145
0.691 -0.379 -0.27
0.844 -0.418 -0.152
0.906 -0.281 -0.164
0.922 -0.332 -0.191
0.930 -0.227 -0.191
0.937 -0.227 -0.211
0.977 -0.262 -0.211
0.973 -0.379 -0.187
0.797 -0.367 -0.223
0.824 -0.422 -0.145
1.004 -0.227 -0.289
0.805 -0.309 -0.305
0.840 -0.215 -0.293
0.863 -0.246 -0.312
0.910 -0.195 -0.367
1.258 -0.664 -0.176
0.719 -0.359 -0.207
0.902 -0.371 -0.145
0.875 -0.289 -0.187
0.914 -0.254 -0.199
0.914 -0.219 -0.234
0.922 -0.23 -0.207
0.926 -0.215 -0.227
0.937 -0.195 -0.238
0.973 -0.332 -0.203
0.887 -0.371 -0.203
0.848 -0.418 -0.172
1.035 -0.223 -0.266
0.836 -0.285 -0.262
0.871 -0.223 -0.258
0.906 -0.219 -0.285
0.867 -0.191 -0.34
0.973 -0.465 -0.23
0.754 -0.387 -0.184
