0.1657225168127159
0.2379755240140531
0.30930872177333074
0.37265436787440687
0.42920716539745124
0.4792618926424899
0.5239674166559228
0.5664884739681477
0.604695469333373
0.6406999469116168
0.6698114641121472
0.6948884193743354
0.722237232498708
0.7500238542664157
0.7571550180546816
0.7860111503338868
0.8014644443884119
0.8160406289461695
0.8245166295486608
0.8460224005057391
0.9287367905240953
0.9588180369652947
0.9623024817862474
0.9603378713268974
0.9437174012845333
0.9265938369111438
0.9060288683750816
0.893915339097915
0.9015388539542832
0.9285965458993665
0.9613974817605818
0.9695298869160738
0.9762732476869498
0.974437356866693
0.9789460701139675
0.9882600654212925
0.9880871455827814
1.0190244875530015
1.012887032340222
1.0101665150427417
1.0128160856319108
1.0075059438829455
1.0320162594329927
1.0303486925940435
1.0073107334836822
1.018650779129677
1.0719114352233061
1.0555063548695183
1.0320892240248154
1.078230134882498
1.0769823998301757
1.0582409651905134
1.0598825820229842
1.0445929051649543
1.0440586004207562
1.0258870716066786
1.028818758240389
1.0197585137366174
1.0101159506267838
1.011390298781044
0.9990995743904563
0.9940129640140785
0.9908593490061844
0.9984430649283591
1.0065623342592582
1.0071949035749626
0.994708531772287
1.0148769877902921
1.0623839356210265
1.0726635696548132
1.0725109354795326
1.0629989526799826
1.0478878666946863
0.9952068060691502
0.9688906147368965
0.993811734141503
0.9924336351488201
0.9948366699370458
0.9822145703738818
0.9819803083514931
0.9594219036604833
0.9681044447357151
0.9466993697356748
0.9516337472347179
0.9637489026009395
0.9783137467259532
0.9870148247425877
0.9942412931732373
0.9820545035812507
0.9820143167996656
0.9602835401355747
0.9622550790312233
1.0060557378033637
0.9789510296654916
1.0171581245553905
1.019049731327737
1.0206989300993974
1.03002108439911
1.0408206141942877
1.0530082561031315
1.0309601862492854
1.0123734328034921
1.0123255145674133
1.102898480407211
1.035603913217801
1.0148341298163097
1.004405066848369
1.0224495162524727
1.0159251361043116
1.0094714799488154
1.0020525886199843
0.9950257902118839
1.0275338216166867
1.0305241781864891
1.0349081936951765
1.0205131401523153
1.0129635697853734
1.0121102998401332
1.0223905741022885
1.004249631292867
1.0231219261354332
0.9977597899396957
0.9931484794185708
1.0287920849309655
0.9942058994345339
0.9851612757072149
0.9917240579956296
0.9956821665001385
0.994714198378463
0.9740723820743793
0.9826540627932498
0.949649796502367
0.9607762735467325
0.9463650738858241
0.9599650140308149
0.9627223686980823
0.961156206050255
0.9639303070016599
0.962561462341532
0.9631839278187052
0.9650133601334847
0.9673444032064057
0.9696804836571684
0.971328133920628
0.9724849257559801
0.9723437999078025
0.9727859312946823
0.9754176643493797
0.9759522048912488
0.9754123137165235
0.9748380537909118
0.9729650758036221
0.9749741436404836
0.9803559987698908
0.9905678297680094
0.9900592637624837
0.9779932465233155
0.9895457319285434
0.9804629159818831
0.9781989710704021
0.9799827578060618
0.9779532417278186
0.9693208199784689
0.9678155476742087
0.9957254343965206
1.0354560011737166
1.0121287476725234
0.9811183981535813
0.9713457174170508
1.0123565396796101
1.0255152163819268
1.1515774724530923
1.1253081758388706
1.1769043069281422
1.1433273179618062
1.111273882445106
1.1155430233345183
1.1056258550161961
1.118745031687653
1.0904542363981669
1.0859870361786492
1.0802229443487485
1.0715522833342677
1.0650894297391942
1.058320629413232
1.0521601539905001
1.046445112560209
1.0400887351709638
1.035277544664196
1.0304329280239566
1.0266930889542605
1.0234401437986225
1.0264974471030974
1.0235198089711088
1.0161178918775269
1.012038217486756
1.012854928349832
1.0134263725551262
1.0086152982236158
1.0058621083944603
1.004286160493244
1.0026307430879566
1.0002656821331328
1.003819002129678
1.008019092827846
1.016771841240249
1.0184219634507115
1.0093901811746135
1.0002171832580673
0.9925192331004726
0.9822382838992567
0.96935800115204
0.9581600766598108
0.982226100579065
1.0289672698624484
1.045665886449652
1.05376830514007
1.050815898219039
1.0337337193460654
1.0168061030849758
1.005860349280939
0.9758464790804233
0.9660194707807743
0.9750574706039911
0.9876932610755257
0.9890555929519332
0.984658156669358
0.9871470575676882
0.9882438877594844
0.9947382641249886
0.9967485147987702
0.9880342662174532
1.002376421580597
0.9979398676654078
0.9922420250782005
0.998416676887875
1.033715033297048
0.9912369875123072
0.9811191620209005
0.9861056088179037
0.98790718613234
0.9847517852030472
0.9819964201271882
0.9940022946265678
0.9752045203877738
1.0100396512545948
0.9892794141665209
1.0006920873659597
0.9952572251895483
0.9947608364335764
0.9942632255823113
0.9924408991496411
0.9942302274314567
0.9833949599097401
0.9880030668126686
0.9879989693804709
0.9818702419342684
0.9846599616566465
0.9940001005779645
0.9777753686884684
0.9684311663340424
0.9700335421733339
0.9779868758460117
0.9772996349058574
0.9841204290784589
0.9886808682947513
0.9783724733460848
0.9959528667424112
0.9856916308239984
0.9753735927981363
0.9563133371718352
0.9533979934635819
0.912238955816423
0.9515528156889732
1.044610130865867
1.1277804699337226
1.1858941144858735
1.1532177286654322
1.0941532705231922
1.078157457272502
1.090253343221605
1.115284246352695
1.122252494997744
1.0986349821923262
1.0903622884211848
1.0783438233447518
1.07652930720085
1.0691998809115084
1.0650835651070958
1.0623202327488368
1.0587971936717173
1.056618747542534
1.048339120719834
1.0440116305285285
1.0393475646064323
1.0363906707318795
1.0392523710320822
1.0254761480183663
1.0233093303174157
1.0305884234275253
1.0289024294092608
1.0290819627617827
1.0273597492731903
1.0240243611600413
1.0241907615590555
1.0291764947889523
1.0249846427068667
1.020404073262673
1.0210600726004022
1.0217225403300403
1.0321274441882342
1.027290108193647
1.0224594588488813
1.0127514479006088
1.002490557990219
0.9942151857914854
0.9822278884771312
0.9661329176124386
0.9686063639851461
0.9885837955327357
1.0067753865919042
1.0067452368211058
1.0327311276145308
1.0710546175819156
1.071755775267196
1.076909940606496
1.062550386106839
1.0541219992629356
1.0367175076415198
1.0022907847476874
0.9693940243562504
0.9698965253515234
0.9692227325990999
0.9762249915121238
0.9833193355194306
1.0112099662749015
1.014335578296577
1.0045483755412088
1.0013116387504872
1.0286414980265877
0.9990946637770254
1.0419459463380596
1.0325423384862784
1.0294895769182317
1.0259608434053074
1.0213383418909343
1.0181471992670248
1.014043702590862
1.0033450193856575
1.0024593390986565
0.9984254569000118
1.005765242787939
0.9876347622868135
0.9780679265658482
0.9777351616313449
0.9775978159792608
0.9781563170528705
0.9767091988019975
0.9703040647412556
0.982061789008657
0.9882597191364085
0.9879645808404738
0.9889145045724862
0.9924423034919585
0.9941083680987746
0.9465766994676332
0.9559692068244009
0.9616989666816618
0.9574127117695365
0.9501348003485561
0.9602341877895636
0.9923973797651608
0.9825597820065806
0.9798284942486987
0.9950411995623436
0.9403750081028995
0.9663851757992542
1.126373219506331
1.1111553867478028
1.2294612653825607
1.2466770351798304
1.1952804111898072
1.1827244717167849
1.199950485672727
1.1766156891984598
1.1612517651561989
1.1428606907380106
1.134760233787188
1.1179727001185136
1.1068918482756904
1.0951450291800973
1.085721917139166
1.0763089437371365
1.0643203326852968
1.0618726020704037
1.0478522391932266
1.04688202018623
1.0388286401517202
1.054002703700615
1.0699224958377398
1.0663726676834209
1.0538825308348714
1.0364220522148002
1.0356962416684188
1.0320459988000485
1.0096593255909847
0.9925939675493306
1.0222268476981078
1.0739866565289775
1.0494716945530183
1.0622262138314325
1.0391413439398536
1.0220234830569543
1.0389516592478394
