0.883 0.355 -0.262
0.820 0.328 -0.277
0.895 0.289 -0.195
0.949 0.332 -0.187
0.953 0.305 -0.105
0.953 0.285 -0.008
0.941 0.273 -0.004
0.937 0.254 0.02
0.953 0.273 0.027
0.941 0.297 0.004
0.953 0.305 0.016
0.906 0.32 0.012
0.883 0.324 0.098
0.914 0.348 0.187
0.914 0.371 0.289
0.582 0.352 0.473
0.871 0.527 0.344
0.793 0.301 0.441
0.832 0.422 0.234
0.832 0.324 -0.172
0.605 0.785 -0.379
1.250 1.176 -0.371
1.117 0.582 0.016
0.926 0.215 0.301
0.719 0.578 -0.184
0.566 0.047 -0.531
0.469 -0.109 -0.582
0.195 0.191 -0.645
0.391 0.332 -0.578
0.043 0.543 -0.812
-0.020 0.824 -0.871
0.355 1.004 -0.727
-0.113 0.758 -0.719
-0.398 0.934 -0.242
-0.098 0.789 -0.531
-0.164 0.812 -0.602
-0.043 0.824 -0.699
0.082 0.687 -0.703
0.176 1.137 -0.664
0.004 0.812 -0.496
0.023 0.922 -0.34
0.168 0.891 -0.508
0.246 0.824 -0.414
0.207 1.176 -0.453
0.152 0.898 -0.445
0.207 0.703 -0.258
0.500 1.012 -0.086
0.039 1.574 0.309
0.508 0.727 -0.09
0.336 0.641 -0.336
0.973 1.184 -0.148
0.781 0.711 -0.133
0.781 0.367 0.117
1.047 0.211 0.133
0.875 0.164 0.051
1.008 0.215 -0.129
0.793 0.016 -0.289
0.949 -0.145 -0.445
0.781 -0.211 -0.457
0.687 -0.406 -0.445
0.953 -0.375 0.004
0.812 -0.312 -0.105
0.914 -0.227 -0.051
0.941 -0.176 -0.062
1.047 -0.238 -0.035
1.047 -0.289 -0.059
1.004 -0.098 -0.098
0.863 -0.094 -0.055
1.207 -0.113 -0.102
1.523 -0.203 0.055
1.121 -0.172 -0.309
1.000 -0.352 -0.152
0.738 -0.625 0.039
0.828 -0.316 -0.137
0.371 -0.023 -0.285
0.609 -0.344 -0.094
1.191 -0.34 0.105
0.891 -0.398 0.074
0.652 -0.781 0.055
0.793 0.27 0.176
0.895 -0.363 -0.164
0.637 0.082 -0.355
0.996 -0.219 -0.27
0.457 -0.57 -0.055
0.984 -0.168 -0.074
1.039 -0.312 0.012
1.117 -0.031 -0.121
1.059 0.105 -0.145
1.027 -0.191 -0.215
0.711 -0.484 -0.012
0.855 0.293 -0.383
0.648 -0.078 -0.355
0.895 0.16 -0.371
1.344 -0.328 -0.414
0.570 -0.328 -0.262
1.227 -0.672 0.027
1.035 0.008 -0.078
1.023 -0.07 -0.156
1.109 0.047 -0.172
1.023 -0.48 -0.207
1.145 -0.215 -0.152
0.766 -0.211 -0.16
0.766 -0.184 -0.25
0.930 -0.023 -0.398
1.887 -0.687 0.043
0.324 0.047 -0.156
0.738 -0.285 -0.16
0.875 -0.191 -0.09
1.180 -0.055 -0.227
0.617 -0.715 -0.109
0.914 -0.145 -0.191
0.871 -0.137 -0.289
0.836 -0.016 -0.395
1.328 -0.059 -0.25
0.957 -0.437 -0.133
0.984 -0.441 -0.031
0.855 0.059 -0.184
0.926 -0.051 -0.137
0.992 0.0 -0.152
1.094 -0.082 -0.25
0.707 -0.391 -0.156
1.180 -0.098 -0.258
0.645 -0.094 -0.359
0.914 -0.082 -0.234
1.316 -0.395 -0.176
0.605 -0.215 -0.09
0.867 -0.215 -0.051
1.023 -0.258 0.07
1.027 -0.129 0.02
0.926 -0.281 0.184
0.742 -0.125 -0.152
0.957 -0.27 -0.391
0.465 -0.078 -0.402
1.012 -0.258 -0.242
0.727 -0.184 -0.285
1.039 -0.324 -0.129
0.937 -0.219 -0.234
0.902 -0.234 -0.16
0.922 -0.332 -0.152
0.902 -0.184 -0.23
0.922 -0.262 -0.145
0.941 -0.262 -0.113
0.926 -0.336 -0.105
0.945 -0.285 -0.109
0.934 -0.289 -0.141
0.934 -0.27 -0.152
0.918 -0.281 -0.145
0.922 -0.297 -0.129
0.937 -0.32 -0.152
0.934 -0.27 -0.133
0.922 -0.281 -0.109
0.949 -0.148 -0.129
0.930 -0.164 -0.137
.973 -0.18 -0.105
1.012 -0.187 -0.102
1.047 -0.277 -0.145
0.922 -0.32 -0.133
0.754 -0.398 -0.09
1.086 -0.141 -0.148
0.852 -0.145 -0.211
0.902 -0.219 -0.227
0.914 -0.289 -0.277
0.848 -0.398 -0.199
0.785 -0.387 -0.117
0.930 -0.109 -0.176
1.207 -0.402 0.082
0.727 -1.234 -0.039
0.766 -0.094 0.105
0.664 0.094 -0.023
0.820 0.297 -0.051
1.262 -0.641 -0.141
0.863 0.16 -0.754
0.609 0.098 -2.332
-0.254 0.73 -0.383
-1.031 1.008 -0.887
-0.441 0.078 -0.672
-0.535 0.262 -0.52
-0.469 0.445 -0.961
-0.227 0.355 -0.914
-0.691 -0.469 -0.93
-0.371 -0.121 -0.707
-0.680 -0.324 -0.719
-0.508 -0.223 -0.859
-0.473 -0.184 -0.844
-0.480 -0.109 -0.871
-0.508 -0.133 -0.84
-0.500 -0.16 -0.84
-0.488 -0.168 -0.844
-0.473 -0.176 -0.836
-0.496 -0.172 -0.836
-0.473 -0.187 -0.84
-0.512 -0.176 -0.828
-0.480 -0.18 -0.848
-0.578 -0.133 -0.875
-0.570 -0.145 -0.801
-0.410 -0.301 -0.793
-0.379 -0.262 -0.855
-0.375 -0.094 -0.945
-0.230 0.098 -0.988
-0.148 0.008 -0.949
0.000 -0.051 -0.977
0.129 -0.012 -0.98
0.215 -0.051 -0.961
0.184 -0.164 -0.945
0.258 -0.117 -1.0
0.125 -0.086 -1.039
0.367 -0.492 -0.918
0.484 -0.449 -0.797
0.227 -0.461 -0.762
0.234 -0.492 -0.727
0.297 -0.57 -0.652
0.531 -0.535 -0.453
0.527 -0.52 -0.398
0.598 -0.473 -0.367
1.031 -0.543 -0.371
1.289 -0.645 -0.402
1.012 -0.566 -0.355
1.004 -0.453 -0.273
0.832 -0.562 -0.187
0.641 -0.57 -0.094
0.629 -0.555 -0.121
0.703 -0.535 -0.152
0.535 -0.34 -0.234
0.645 -0.52 -0.258
0.687 -0.812 0.062
1.070 -0.309 -0.027
1.000 -0.062 -0.039
0.926 -0.113 -0.121
0.996 -0.035 -0.176
0.980 0.0 -0.195
1.023 0.109 -0.254
0.887 -0.344 -0.359
0.789 -0.414 -0.133
1.082 -0.348 -0.145
0.906 -0.148 -0.258
0.887 -0.082 -0.285
1.016 -0.059 -0.297
1.375 -0.102 -0.148
0.449 -0.254 -0.234
0.750 -0.43 -0.164
1.004 -0.227 -0.117
0.992 -0.059 -0.156
0.887 -0.344 -0.059
0.883 -0.266 -0.246
1.062 -0.238 -0.238
0.762 -0.051 -0.191
1.160 -0.699 -0.105
0.781 0.023 -0.023
1.102 -0.164 0.039
0.922 -0.187 -0.016
0.980 -0.137 -0.023
0.902 -0.402 -0.059
0.934 -0.27 -0.062
0.977 -0.219 -0.148
0.797 -0.281 -0.227
0.945 -0.312 -0.281
0.926 -0.152 -0.309
0.848 -0.113 -0.34
0.930 -0.246 -0.316
0.988 -0.363 -0.273
0.762 -0.191 -0.219
0.766 -0.371 -0.203
0.922 -0.328 -0.121
1.043 -0.086 -0.152
0.945 -0.152 -0.16
1.023 -0.121 -0.215
0.988 -0.121 -0.281
0.555 -0.668 -0.109
1.133 -0.285 -0.09
0.812 -0.266 -0.223
0.852 0.031 -0.184
0.676 0.309 -0.184
0.816 -0.434 -0.004
0.426 -0.262 -0.023
0.605 -0.441 1.117
0.312 1.898 0.449
-1.160 1.004 1.219
0.805 0.664 1.426
-0.051 -0.18 0.805
-0.336 0.375 0.0
-0.469 0.652 0.445
-0.523 0.941 0.555
-0.133 1.27 0.484
0.598 1.031 -0.012
0.082 0.828 -0.227
0.043 0.914 -0.422
0.086 0.887 -0.352
0.172 1.008 -0.273
0.172 0.93 -0.312
0.125 0.988 -0.238
0.176 1.0 -0.199
0.195 0.992 -0.16
0.129 1.004 -0.215
0.125 0.922 -0.258
0.168 0.961 -0.223
0.121 0.965 -0.199
0.199 0.98 -0.117
0.160 1.043 -0.164
0.062 0.816 -0.344
0.102 0.945 -0.316
0.203 1.059 -0.234
0.230 0.941 -0.293
0.320 0.922 -0.332
0.355 0.887 -0.328
0.410 0.832 -0.348
0.449 0.859 -0.336
0.633 0.805 -0.34
0.637 0.641 -0.387
0.656 0.625 -0.359
0.703 0.637 -0.395
0.840 0.453 -0.383
1.082 0.227 -0.262
0.871 0.266 -0.359
0.863 0.258 -0.371
0.746 0.277 -0.453
0.551 0.469 -0.535
0.535 0.539 -0.504
0.434 0.57 -0.48
0.504 0.52 -0.352
0.754 0.473 -0.441
0.879 0.523 -0.605
0.883 0.477 -0.637
0.758 0.406 -0.523
1.004 0.297 -0.758
1.195 0.398 -0.727
0.941 -0.023 -0.527
1.055 -0.293 -0.273
0.797 -0.375 -0.262
0.832 -0.391 -0.309
0.730 -0.398 -0.23
0.539 -0.375 -0.043
0.621 -0.148 0.051
0.918 -0.312 0.102
0.930 -0.246 0.031
1.023 -0.219 0.012
1.051 -0.055 -0.062
1.184 -0.512 0.02
1.035 -0.121 -0.086
0.879 0.07 -0.211
0.910 -0.023 -0.332
1.160 -0.418 -0.418
0.621 -0.168 -0.285
1.238 -0.766 0.207
0.875 -0.32 -0.113
0.969 -0.242 -0.02
0.883 -0.449 0.012
0.926 -0.277 0.129
0.969 -0.074 -0.168
.879 -0.387 -0.156
0.855 -0.207 -0.172
0.961 -0.25 -0.035
0.937 -0.125 -0.156
1.043 -0.262 -0.09
0.754 -0.234 -0.164
0.848 -0.242 -0.031
0.965 -0.113 -0.074
0.965 -0.09 -0.117
0.965 -0.141 -0.129
0.937 -0.203 -0.082
0.781 -0.402 -0.223
1.078 0.051 -0.211
1.020 -0.219 -0.121
0.961 -0.047 -0.211
0.953 -0.086 -0.285
0.922 -0.09 -0.445
0.930 0.027 -0.395
0.027 0.094 -0.461
0.773 -0.707 -0.07
0.988 -0.211 -0.133
0.895 -0.039 -0.184
0.852 -0.168 -0.125
1.016 -0.293 -0.09
1.309 0.094 -0.066
0.492 -0.734 -0.031
0.926 -0.219 0.043
1.043 -0.461 -0.125
0.359 -0.055 -0.152
0.465 -1.133 0.066
2.535 -0.453 -0.895
-0.418 0.012 -0.863
-1.539 -1.074 -1.516
-1.148 -0.098 -0.828
-0.469 0.078 -0.488
-0.859 -0.094 -0.609
-0.797 0.008 -1.117
-0.055 -0.348 -0.875
-0.465 -0.547 -0.707
-0.180 -0.449 -0.828
-0.574 -0.398 -0.789
-0.340 -0.461 -0.758
-0.426 -0.441 -0.785
-0.426 -0.426 -0.77
-0.434 -0.437 -0.777
-0.434 -0.312 -0.824
-0.340 -0.266 -0.84
-0.418 -0.516 -0.797
-0.383 -0.516 -0.641
-0.234 -0.895 -0.469
-0.328 -0.824 -0.363
-0.441 -1.094 -0.25
-0.316 -1.145 -0.316
